# Id,Predicted
0, 0.55
1, 0.15
2, 0.55
3, 0.31
4, 0.72
5, 0.08
6, 0.55
7, 0.31
8, 0.46
9, 0.17
10, 0.46
11, 0.55
12, 0.93
13, 0.55
14, 0.95
15, 1.00
16, 0.95
17, 0.55
18, 0.46
19, 0.58
20, 0.31
21, 0.72
22, 0.55
23, 0.55
24, 0.46
25, 0.46
26, 0.55
27, 0.55
28, 0.46
29, 0.46
30, 0.55
31, 0.46
32, 0.46
33, 0.31
34, 0.58
35, 0.45
36, 0.46
37, 0.46
38, 0.55
39, 0.81
40, 0.46
41, 0.31
42, 0.46
43, 0.25
44, 0.95
45, 0.46
46, 0.46
47, 0.15
48, 0.55
49, 0.58
50, 0.15
51, 0.15
52, 0.08
53, 0.55
54, 0.46
55, 0.55
56, 0.45
57, 0.31
58, 0.31
59, 0.46
60, 0.55
61, 0.58
62, 0.08
63, 0.97
64, 1.00
65, 0.31
66, 0.67
67, 0.46
68, 0.08
69, 0.46
70, 0.55
71, 1.00
72, 0.99
73, 0.47
74, 0.08
75, 0.21
76, 0.55
77, 0.46
78, 0.46
79, 0.15
80, 0.46
81, 0.51
82, 0.51
83, 1.00
84, 0.96
85, 0.98
86, 0.02
87, 0.46
88, 0.02
89, 0.93
90, 0.46
91, 0.95
92, 0.46
93, 0.51
94, 0.99
95, 0.46
96, 0.31
97, 0.46
98, 1.00
99, 0.31
100, 0.55
101, 0.46
102, 0.15
103, 0.84
104, 0.55
105, 0.02
106, 0.55
107, 0.45
108, 0.31
109, 0.58
110, 0.15
111, 0.46
112, 0.46
113, 0.46
114, 0.55
115, 0.55
116, 0.55
117, 0.46
118, 0.08
119, 0.58
120, 0.15
121, 0.72
122, 0.51
123, 0.45
124, 0.55
125, 0.08
126, 0.58
127, 0.55
128, 0.46
129, 0.95
130, 0.08
131, 0.98
132, 0.08
133, 0.02
134, 0.46
135, 0.46
136, 0.23
137, 0.23
138, 0.46
139, 0.58
140, 0.46
141, 0.46
142, 0.46
143, 1.00
144, 0.99
145, 0.45
146, 0.46
147, 0.46
148, 0.47
149, 0.23
150, 0.31
151, 1.00
152, 0.15
153, 0.23
154, 0.45
155, 0.67
156, 0.15
157, 0.55
158, 0.46
159, 0.47
160, 0.51
161, 0.46
162, 0.75
163, 0.08
164, 0.55
165, 0.02
166, 0.15
167, 0.55
168, 1.00
169, 0.31
170, 0.55
171, 0.47
172, 0.98
173, 0.67
174, 0.45
175, 0.55
176, 0.25
177, 0.08
178, 0.55
179, 0.47
180, 0.46
181, 0.46
182, 0.99
183, 0.55
184, 0.47
185, 0.46
186, 0.46
187, 0.23
188, 0.55
189, 0.46
190, 0.55
191, 0.55
192, 0.31
193, 0.46
194, 0.47
195, 0.15
196, 0.45
197, 0.91
198, 0.08
199, 0.15
200, 0.55
201, 0.55
202, 0.55
203, 0.45
204, 0.84
205, 0.46
206, 0.08
207, 0.47
208, 1.00
209, 0.46
210, 0.31
211, 0.46
212, 0.46
213, 0.55
214, 0.46
215, 0.46
216, 0.55
217, 0.55
218, 0.46
219, 0.01
220, 0.08
221, 0.46
222, 0.91
223, 0.08
224, 0.46
225, 0.46
226, 0.46
227, 0.95
228, 0.55
229, 0.46
230, 0.15
231, 0.15
232, 0.46
233, 0.55
234, 0.15
235, 0.15
236, 0.46
237, 0.15
238, 0.55
239, 0.31
240, 0.31
241, 0.86
242, 0.15
243, 0.08
244, 0.46
245, 0.45
246, 0.67
247, 0.58
248, 0.46
249, 0.08
250, 0.72
251, 0.31
252, 0.55
253, 0.15
254, 0.31
255, 0.55
256, 0.46
257, 0.46
258, 0.55
259, 0.46
260, 0.01
261, 0.15
262, 0.08
263, 1.00
264, 0.46
265, 0.46
266, 0.46
267, 0.55
268, 0.47
269, 0.46
270, 0.45
271, 0.21
272, 0.51
273, 0.45
274, 0.67
275, 0.67
276, 0.58
277, 0.15
278, 0.50
279, 0.55
280, 1.00
281, 0.67
282, 0.93
283, 0.46
284, 0.55
285, 0.67
286, 0.46
287, 0.55
288, 0.99
289, 0.46
290, 0.46
291, 0.55
292, 0.95
293, 0.47
294, 0.08
295, 0.25
296, 0.15
297, 0.55
298, 0.01
299, 0.45
300, 0.31
301, 0.02
302, 0.47
303, 0.45
304, 0.46
305, 0.96
306, 0.45
307, 0.58
308, 0.58
309, 0.46
310, 0.55
311, 0.15
312, 1.00
313, 0.55
314, 0.46
315, 0.46
316, 0.46
317, 0.58
318, 0.31
319, 0.08
320, 0.25
321, 1.00
322, 0.08
323, 0.15
324, 0.67
325, 0.72
326, 0.75
327, 0.46
328, 0.25
329, 0.46
330, 0.08
331, 0.46
332, 0.15
333, 0.15
334, 0.99
335, 0.55
336, 0.31
337, 0.46
338, 0.46
339, 0.55
340, 0.45
341, 0.55
342, 0.31
343, 0.08
344, 1.00
345, 0.45
346, 0.15
347, 0.31
348, 0.58
349, 0.58
350, 0.98
351, 0.31
352, 0.55
353, 0.67
354, 0.46
355, 0.31
356, 0.31
357, 0.15
358, 0.46
359, 0.31
360, 0.58
361, 0.46
362, 0.51
363, 0.12
364, 0.91
365, 0.46
366, 0.55
367, 0.97
368, 0.51
369, 0.15
370, 0.55
371, 0.95
372, 0.84
373, 0.58
374, 0.95
375, 0.84
376, 0.46
377, 0.46
378, 0.46
379, 0.55
380, 0.46
381, 0.08
382, 0.15
383, 0.46
384, 0.45
385, 0.55
386, 0.08
387, 0.46
388, 0.94
389, 0.15
390, 1.00
391, 0.46
392, 0.55
393, 0.45
394, 0.46
395, 0.46
396, 0.67
397, 0.15
398, 0.46
399, 0.98
400, 0.46
401, 0.67
402, 0.55
403, 0.46
404, 0.23
405, 0.55
406, 0.15
407, 0.51
408, 0.46
409, 0.55
410, 0.08
411, 0.65
412, 0.46
413, 0.45
414, 0.15
415, 0.55
416, 0.46
417, 1.00
418, 0.46
419, 0.58
420, 0.55
421, 0.67
422, 0.55
423, 0.21
424, 1.00
425, 0.55
426, 0.46
427, 0.84
428, 0.93
429, 0.15
430, 0.45
431, 0.21
432, 0.46
433, 0.15
434, 0.93
435, 0.55
436, 0.51
437, 0.46
438, 0.55
439, 0.15
440, 0.93
441, 0.31
442, 0.46
443, 0.55
444, 0.46
445, 0.55
446, 0.47
447, 0.15
448, 0.46
449, 0.90
450, 0.58
451, 0.15
452, 0.58
453, 0.25
454, 0.46
455, 0.46
456, 0.31
457, 0.46
458, 0.55
459, 0.46
460, 0.58
461, 0.46
462, 0.46
463, 0.93
464, 0.72
465, 0.93
466, 0.45
467, 0.12
468, 1.00
469, 0.45
470, 0.45
471, 0.45
472, 0.47
473, 0.45
474, 0.95
475, 0.94
476, 1.00
477, 0.46
478, 0.15
479, 0.31
480, 0.51
481, 0.06
482, 1.00
483, 0.46
484, 0.15
485, 0.67
486, 0.31
487, 0.93
488, 0.46
489, 0.55
490, 0.31
491, 0.15
492, 0.45
493, 0.46
494, 0.46
495, 0.46
496, 0.23
497, 0.55
498, 0.95
499, 0.84
500, 0.98
501, 0.31
502, 0.01
503, 0.55
504, 0.51
505, 1.00
506, 0.55
507, 1.00
508, 0.55
509, 0.31
510, 0.55
511, 0.46
512, 0.46
513, 0.31
514, 0.31
515, 0.55
516, 0.23
517, 0.98
518, 0.31
519, 0.46
520, 0.15
521, 0.46
522, 0.15
523, 0.31
524, 0.51
525, 0.47
526, 0.47
527, 0.55
528, 0.46
529, 0.31
530, 0.46
531, 0.47
532, 0.45
533, 0.55
534, 0.31
535, 0.55
536, 0.46
537, 0.47
538, 0.96
539, 0.15
540, 0.93
541, 0.47
542, 0.46
543, 0.93
544, 0.46
545, 0.47
546, 1.00
547, 0.45
548, 0.31
549, 0.31
550, 0.31
551, 0.25
552, 1.00
553, 0.15
554, 0.55
555, 0.46
556, 0.15
557, 1.00
558, 0.55
559, 0.75
560, 0.46
561, 0.25
562, 0.98
563, 1.00
564, 0.46
565, 0.98
566, 0.86
567, 0.95
568, 0.84
569, 1.00
570, 0.46
571, 0.02
572, 0.46
573, 0.08
574, 0.46
575, 0.55
576, 0.67
577, 0.97
578, 0.46
579, 0.96
580, 0.46
581, 0.55
582, 0.46
583, 0.46
584, 0.55
585, 0.46
586, 0.08
587, 0.46
588, 0.15
589, 0.23
590, 0.45
591, 0.67
592, 0.46
593, 1.00
594, 0.47
595, 0.99
596, 0.46
597, 0.46
598, 0.47
599, 0.55
600, 0.58
601, 1.00
602, 0.98
603, 0.31
604, 0.67
605, 0.08
606, 0.31
607, 0.08
608, 0.99
609, 0.91
610, 0.55
611, 0.46
612, 0.31
613, 0.55
614, 0.55
615, 0.45
616, 0.55
617, 0.46
618, 0.31
619, 0.15
620, 0.46
621, 0.46
622, 0.55
623, 0.46
624, 0.31
625, 0.31
626, 0.55
627, 1.00
628, 0.46
629, 0.55
630, 0.46
631, 0.31
632, 0.15
633, 0.46
634, 0.95
635, 0.55
636, 1.00
637, 0.46
638, 0.47
639, 0.55
640, 0.58
641, 0.46
642, 0.46
643, 0.55
644, 0.67
645, 0.46
646, 0.46
647, 0.55
648, 1.00
649, 0.46
650, 0.55
651, 0.46
652, 0.98
653, 0.67
654, 0.95
655, 0.31
656, 0.46
657, 0.46
658, 0.15
659, 0.51
660, 1.00
661, 0.46
662, 0.55
663, 0.47
664, 0.46
665, 0.47
666, 0.45
667, 0.93
668, 0.55
669, 0.99
670, 0.84
671, 0.55
672, 1.00
673, 0.67
674, 0.31
675, 0.93
676, 0.15
677, 0.15
678, 0.08
679, 0.55
680, 1.00
681, 0.99
682, 0.46
683, 0.31
684, 0.86
685, 0.46
686, 0.46
687, 0.55
688, 0.31
689, 0.15
690, 0.91
691, 0.21
692, 0.55
693, 0.31
694, 0.67
695, 0.45
696, 0.55
697, 0.45
698, 0.47
699, 0.55
700, 0.51
701, 0.31
702, 0.46
703, 0.55
704, 0.46
705, 0.46
706, 0.31
707, 0.23
708, 0.31
709, 0.08
710, 0.93
711, 0.55
712, 0.55
713, 0.55
714, 0.45
715, 0.31
716, 0.15
717, 0.31
718, 0.46
719, 0.46
720, 0.08
721, 0.58
722, 0.08
723, 0.46
724, 0.31
725, 0.46
726, 0.55
727, 0.55
728, 0.55
729, 0.31
730, 0.31
731, 0.15
732, 0.55
733, 1.00
734, 0.15
735, 0.45
736, 0.46
737, 0.08
738, 0.55
739, 0.46
740, 0.55
741, 0.15
742, 0.55
743, 0.23
744, 0.99
745, 0.31
746, 0.31
747, 0.55
748, 0.15
749, 0.97
750, 0.46
751, 0.46
752, 0.20
753, 0.93
754, 0.55
755, 0.55
756, 0.51
757, 0.55
758, 0.15
759, 0.46
760, 0.08
761, 0.58
762, 0.47
763, 0.31
764, 0.47
765, 0.08
766, 0.91
767, 0.31
768, 0.15
769, 0.46
770, 0.84
771, 0.55
772, 0.45
773, 0.45
774, 0.55
775, 0.51
776, 0.55
777, 0.46
778, 0.84
779, 0.46
780, 0.45
781, 0.12
782, 0.17
783, 0.47
784, 0.55
785, 0.51
786, 0.31
787, 0.31
788, 1.00
789, 0.15
790, 0.15
791, 0.75
792, 0.45
793, 0.23
794, 0.45
795, 0.96
796, 0.01
797, 0.45
798, 0.51
799, 1.00
800, 0.46
801, 0.58
802, 0.55
803, 0.93
804, 0.55
805, 0.55
806, 0.91
807, 0.46
808, 0.15
809, 0.03
810, 0.55
811, 0.84
812, 0.95
813, 0.15
814, 0.45
815, 0.25
816, 1.00
817, 0.46
818, 0.15
819, 0.46
820, 0.46
821, 0.08
822, 0.72
823, 0.46
824, 0.31
825, 0.15
826, 0.31
827, 0.55
828, 1.00
829, 0.46
830, 0.15
831, 0.51
832, 0.46
833, 0.46
834, 0.55
835, 0.55
836, 0.58
837, 0.46
838, 0.17
839, 0.46
840, 0.01
841, 0.55
842, 0.55
843, 0.75
844, 0.46
845, 0.55
846, 0.55
847, 0.08
848, 0.31
849, 0.55
850, 0.01
851, 0.46
852, 0.15
853, 0.67
854, 0.55
855, 1.00
856, 0.55
857, 0.31
858, 0.55
859, 0.67
860, 0.55
861, 0.91
862, 0.46
863, 0.55
864, 0.55
865, 0.46
866, 0.46
867, 0.15
868, 0.46
869, 0.55
870, 0.15
871, 0.55
872, 0.93
873, 1.00
874, 0.08
875, 0.08
876, 0.31
877, 0.55
878, 0.31
879, 0.46
880, 0.55
881, 0.46
882, 0.31
883, 0.58
884, 0.46
885, 0.45
886, 1.00
887, 0.31
888, 0.55
889, 0.46
890, 0.30
891, 0.45
892, 0.45
893, 0.47
894, 1.00
895, 0.46
896, 0.31
897, 0.58
898, 0.25
899, 0.01
900, 0.46
901, 0.31
902, 0.84
903, 0.45
904, 1.00
905, 1.00
906, 0.31
907, 0.47
908, 0.15
909, 0.25
910, 0.99
911, 0.46
912, 0.31
913, 0.31
914, 0.47
915, 0.47
916, 0.55
917, 0.93
918, 0.96
919, 0.46
920, 0.45
921, 0.31
922, 0.96
923, 0.55
924, 0.51
925, 0.46
926, 0.46
927, 0.93
928, 0.15
929, 0.99
930, 0.46
931, 0.31
932, 0.31
933, 0.46
934, 0.55
935, 0.31
936, 0.55
937, 0.31
938, 0.46
939, 0.98
940, 0.46
941, 0.15
942, 0.47
943, 0.46
944, 0.46
945, 0.31
946, 0.51
947, 1.00
948, 0.15
949, 0.65
950, 0.46
951, 0.21
952, 0.46
953, 0.45
954, 0.31
955, 0.31
956, 0.46
957, 0.46
958, 0.46
959, 0.08
960, 0.31
961, 0.58
962, 0.46
963, 0.97
964, 0.55
965, 0.47
966, 0.31
967, 0.21
968, 0.31
969, 0.55
970, 0.31
971, 0.15
972, 0.46
973, 0.15
974, 0.46
975, 0.46
976, 0.55
977, 0.46
978, 0.25
979, 0.47
980, 0.46
981, 0.46
982, 0.46
983, 0.46
984, 0.46
985, 0.46
986, 0.65
987, 0.31
988, 0.55
989, 0.55
990, 0.15
991, 0.01
992, 0.31
993, 0.46
994, 0.15
995, 0.47
996, 0.55
997, 0.55
998, 0.23
999, 0.46
1000, 0.45
1001, 0.55
1002, 0.31
1003, 0.46
1004, 1.00
1005, 0.15
1006, 0.31
1007, 1.00
1008, 0.55
1009, 0.46
1010, 0.46
1011, 0.31
1012, 0.58
1013, 0.31
1014, 0.08
1015, 0.55
1016, 0.58
1017, 0.46
1018, 0.55
1019, 0.55
1020, 0.15
1021, 0.55
1022, 0.55
1023, 0.46
1024, 0.46
1025, 0.25
1026, 1.00
1027, 0.46
1028, 0.93
1029, 0.46
1030, 0.08
1031, 0.95
1032, 0.46
1033, 0.55
1034, 0.46
1035, 0.97
1036, 0.46
1037, 0.46
1038, 0.45
1039, 0.55
1040, 0.46
1041, 0.46
1042, 1.00
1043, 0.46
1044, 0.31
1045, 0.46
1046, 0.31
1047, 0.45
1048, 0.31
1049, 0.31
1050, 0.47
1051, 0.98
1052, 0.55
1053, 0.31
1054, 0.15
1055, 1.00
1056, 0.08
1057, 0.47
1058, 0.46
1059, 0.46
1060, 0.51
1061, 0.31
1062, 0.46
1063, 0.46
1064, 0.81
1065, 0.46
1066, 1.00
1067, 0.47
1068, 0.08
1069, 0.67
1070, 0.54
1071, 0.20
1072, 0.46
1073, 0.46
1074, 0.15
1075, 0.15
1076, 0.55
1077, 0.46
1078, 0.03
1079, 0.15
1080, 0.08
1081, 0.55
1082, 0.55
1083, 0.93
1084, 0.67
1085, 0.58
1086, 0.31
1087, 0.55
1088, 0.55
1089, 0.58
1090, 0.45
1091, 0.46
1092, 0.15
1093, 0.31
1094, 0.47
1095, 0.46
1096, 0.31
1097, 0.47
1098, 0.84
1099, 0.31
1100, 0.46
1101, 0.31
1102, 0.55
1103, 0.46
1104, 0.45
1105, 0.46
1106, 0.31
1107, 0.46
1108, 0.45
1109, 0.15
1110, 0.55
1111, 0.46
1112, 0.51
1113, 0.46
1114, 0.97
1115, 0.58
1116, 0.67
1117, 0.23
1118, 1.00
1119, 0.67
1120, 0.95
1121, 0.31
1122, 0.02
1123, 0.98
1124, 0.95
1125, 0.15
1126, 0.31
1127, 0.47
1128, 0.67
1129, 0.15
1130, 0.55
1131, 0.46
1132, 0.55
1133, 0.46
1134, 0.46
1135, 0.46
1136, 0.31
1137, 0.58
1138, 0.46
1139, 0.46
1140, 0.99
1141, 0.15
1142, 0.15
1143, 0.55
1144, 0.55
1145, 0.58
1146, 0.12
1147, 0.15
1148, 1.00
1149, 0.93
1150, 0.55
1151, 0.31
1152, 0.93
1153, 0.15
1154, 0.15
1155, 0.15
1156, 0.15
1157, 0.46
1158, 0.46
1159, 0.65
1160, 0.55
1161, 0.51
1162, 0.46
1163, 0.46
1164, 0.90
1165, 1.00
1166, 0.47
1167, 0.46
1168, 0.55
1169, 0.46
1170, 0.46
1171, 0.55
1172, 1.00
1173, 0.51
1174, 1.00
1175, 0.55
1176, 0.46
1177, 0.31
1178, 0.31
1179, 0.25
1180, 0.55
1181, 0.55
1182, 0.31
1183, 0.55
1184, 0.12
1185, 0.31
1186, 1.00
1187, 0.12
1188, 0.45
1189, 0.55
1190, 0.55
1191, 1.00
1192, 0.46
1193, 0.55
1194, 0.55
1195, 0.55
1196, 0.31
1197, 0.46
1198, 0.67
1199, 0.93
1200, 0.46
1201, 0.47
1202, 0.55
1203, 1.00
1204, 0.46
1205, 0.47
1206, 0.20
1207, 0.67
1208, 0.46
1209, 0.31
1210, 0.46
1211, 0.84
1212, 0.51
1213, 0.46
1214, 0.46
1215, 0.46
1216, 0.55
1217, 0.31
1218, 0.25
1219, 0.31
1220, 0.15
1221, 0.93
1222, 0.46
1223, 0.46
1224, 0.17
1225, 0.46
1226, 0.46
1227, 0.15
1228, 0.55
1229, 0.46
1230, 0.84
1231, 0.45
1232, 0.67
1233, 0.15
1234, 0.51
1235, 0.46
1236, 0.46
1237, 0.46
1238, 0.46
1239, 0.15
1240, 0.23
1241, 0.15
1242, 0.46
1243, 0.17
1244, 0.03
1245, 0.46
1246, 0.46
1247, 0.15
1248, 0.91
1249, 0.51
1250, 0.55
1251, 0.21
1252, 0.55
1253, 0.55
1254, 0.45
1255, 0.46
1256, 1.00
1257, 0.95
1258, 0.55
1259, 0.46
1260, 0.25
1261, 0.55
1262, 0.58
1263, 0.21
1264, 0.46
1265, 0.46
1266, 0.17
1267, 0.31
1268, 0.55
1269, 0.25
1270, 0.15
1271, 0.25
1272, 0.65
1273, 1.00
1274, 0.46
1275, 0.55
1276, 0.46
1277, 0.46
1278, 0.55
1279, 1.00
1280, 0.46
1281, 0.55
1282, 0.46
1283, 0.55
1284, 0.46
1285, 0.99
1286, 0.72
1287, 0.67
1288, 0.46
1289, 0.31
1290, 0.45
1291, 1.00
1292, 0.25
1293, 0.99
1294, 0.20
1295, 0.51
1296, 0.47
1297, 0.55
1298, 0.31
1299, 0.94
1300, 0.23
1301, 0.67
1302, 0.15
1303, 0.31
1304, 0.31
1305, 0.58
1306, 1.00
1307, 0.46
1308, 0.45
1309, 0.31
1310, 0.31
1311, 0.46
1312, 0.15
1313, 0.55
1314, 0.15
1315, 0.99
1316, 0.31
1317, 0.08
1318, 0.46
1319, 0.67
1320, 0.58
1321, 0.31
1322, 0.08
1323, 0.58
1324, 0.47
1325, 0.46
1326, 0.46
1327, 0.31
1328, 0.95
1329, 0.97
1330, 0.45
1331, 0.55
1332, 0.95
1333, 0.31
1334, 0.55
1335, 0.55
1336, 0.45
1337, 0.31
1338, 0.46
1339, 1.00
1340, 0.46
1341, 0.15
1342, 0.46
1343, 0.51
1344, 0.46
1345, 0.93
1346, 0.46
1347, 0.31
1348, 0.15
1349, 0.46
1350, 0.55
1351, 0.65
1352, 0.15
1353, 0.31
1354, 0.84
1355, 0.46
1356, 0.25
1357, 0.55
1358, 0.67
1359, 0.46
1360, 0.55
1361, 0.45
1362, 1.00
1363, 0.25
1364, 0.46
1365, 0.45
1366, 0.46
1367, 0.97
1368, 0.21
1369, 0.55
1370, 0.93
1371, 0.31
1372, 0.46
1373, 0.15
1374, 0.15
1375, 0.99
1376, 0.55
1377, 0.01
1378, 0.55
1379, 0.46
1380, 0.46
1381, 0.55
1382, 0.23
1383, 0.31
1384, 0.47
1385, 0.58
1386, 0.46
1387, 0.31
1388, 0.95
1389, 0.46
1390, 0.51
1391, 0.12
1392, 0.58
1393, 0.46
1394, 0.93
1395, 0.45
1396, 0.55
1397, 0.15
1398, 0.47
1399, 0.95
1400, 0.46
1401, 0.55
1402, 0.47
1403, 0.15
1404, 0.15
1405, 0.15
1406, 0.46
1407, 0.67
1408, 0.46
1409, 0.55
1410, 0.99
1411, 0.46
1412, 1.00
1413, 0.55
1414, 0.55
1415, 0.15
1416, 0.46
1417, 0.31
1418, 0.46
1419, 0.46
1420, 0.55
1421, 0.31
1422, 0.46
1423, 0.47
1424, 0.55
1425, 0.55
1426, 0.46
1427, 0.55
1428, 0.55
1429, 0.15
1430, 0.46
1431, 0.46
1432, 0.46
1433, 0.46
1434, 0.55
1435, 0.15
1436, 0.31
1437, 0.55
1438, 0.08
1439, 0.58
1440, 0.55
1441, 0.31
1442, 0.55
1443, 0.46
1444, 0.55
1445, 0.23
1446, 0.15
1447, 0.08
1448, 0.15
1449, 0.65
1450, 0.46
1451, 0.67
1452, 1.00
1453, 0.95
1454, 0.15
1455, 0.46
1456, 0.47
1457, 0.46
1458, 0.08
1459, 0.46
1460, 0.31
1461, 0.08
1462, 0.46
1463, 0.08
1464, 0.46
1465, 0.15
1466, 0.98
1467, 0.25
1468, 0.55
1469, 0.55
1470, 0.31
1471, 0.47
1472, 0.15
1473, 0.15
1474, 0.45
1475, 1.00
1476, 0.58
1477, 0.55
1478, 0.08
1479, 0.45
1480, 0.95
1481, 0.55
1482, 0.45
1483, 0.55
1484, 0.46
1485, 0.55
1486, 0.67
1487, 0.93
1488, 0.15
1489, 0.55
1490, 0.15
1491, 0.31
1492, 0.58
1493, 0.45
1494, 0.58
1495, 1.00
1496, 0.46
1497, 0.84
1498, 0.08
1499, 0.25
1500, 0.91
1501, 0.46
1502, 0.46
1503, 0.21
1504, 0.21
1505, 0.50
1506, 0.46
1507, 0.51
1508, 0.55
1509, 0.46
1510, 0.55
1511, 0.46
1512, 0.23
1513, 0.25
1514, 0.15
1515, 0.45
1516, 0.55
1517, 0.96
1518, 0.55
1519, 0.15
1520, 0.15
1521, 0.08
1522, 0.51
1523, 0.15
1524, 0.55
1525, 0.55
1526, 0.15
1527, 0.15
1528, 0.55
1529, 0.55
1530, 0.46
1531, 1.00
1532, 0.21
1533, 0.67
1534, 0.46
1535, 0.67
1536, 0.31
1537, 0.97
1538, 1.00
1539, 0.46
1540, 0.25
1541, 1.00
1542, 0.55
1543, 0.31
1544, 0.45
1545, 0.67
1546, 0.55
1547, 0.46
1548, 0.46
1549, 0.55
1550, 0.03
1551, 0.46
1552, 0.46
1553, 0.31
1554, 0.46
1555, 0.15
1556, 0.65
1557, 1.00
1558, 0.46
1559, 0.84
1560, 1.00
1561, 0.46
1562, 0.15
1563, 0.15
1564, 0.72
1565, 0.99
1566, 0.55
1567, 0.55
1568, 0.55
1569, 0.93
1570, 0.47
1571, 0.99
1572, 1.00
1573, 0.15
1574, 0.08
1575, 0.46
1576, 1.00
1577, 1.00
1578, 1.00
1579, 0.46
1580, 0.65
1581, 0.46
1582, 0.31
1583, 0.55
1584, 0.08
1585, 0.46
1586, 0.15
1587, 0.55
1588, 0.55
1589, 0.95
1590, 0.45
1591, 0.64
1592, 0.46
1593, 0.55
1594, 0.55
1595, 0.03
1596, 0.55
1597, 0.55
1598, 0.96
1599, 0.58
1600, 0.01
1601, 0.46
1602, 0.17
1603, 0.47
1604, 0.47
1605, 0.15
1606, 0.20
1607, 0.55
1608, 0.46
1609, 0.31
1610, 0.55
1611, 0.58
1612, 0.55
1613, 0.15
1614, 0.99
1615, 1.00
1616, 0.51
1617, 0.55
1618, 0.84
1619, 0.46
1620, 1.00
1621, 0.46
1622, 0.72
1623, 0.46
1624, 0.55
1625, 0.55
1626, 0.46
1627, 0.55
1628, 0.67
1629, 0.51
1630, 0.17
1631, 0.46
1632, 0.31
1633, 0.31
1634, 0.55
1635, 0.46
1636, 0.95
1637, 0.67
1638, 0.46
1639, 0.15
1640, 0.08
1641, 0.20
1642, 1.00
1643, 0.98
1644, 0.55
1645, 0.31
1646, 0.15
1647, 0.95
1648, 0.58
1649, 0.15
1650, 0.46
1651, 0.86
1652, 0.15
1653, 1.00
1654, 0.08
1655, 0.46
1656, 0.31
1657, 0.31
1658, 0.46
1659, 0.55
1660, 0.46
1661, 0.15
1662, 0.45
1663, 0.55
1664, 0.31
1665, 1.00
1666, 0.31
1667, 0.55
1668, 0.15
1669, 0.46
1670, 0.55
1671, 1.00
1672, 0.45
1673, 0.45
1674, 0.51
1675, 0.15
1676, 0.46
1677, 0.58
1678, 0.46
1679, 0.97
1680, 0.46
1681, 0.21
1682, 1.00
1683, 0.31
1684, 0.25
1685, 0.67
1686, 0.67
1687, 0.46
1688, 0.15
1689, 0.46
1690, 0.51
1691, 0.55
1692, 0.31
1693, 0.08
1694, 0.55
1695, 0.55
1696, 0.46
1697, 1.00
1698, 0.25
1699, 0.55
1700, 0.47
1701, 0.46
1702, 0.58
1703, 1.00
1704, 0.47
1705, 0.45
1706, 1.00
1707, 0.31
1708, 0.46
1709, 0.55
1710, 0.08
1711, 0.67
1712, 0.45
1713, 0.86
1714, 0.55
1715, 1.00
1716, 0.54
1717, 0.45
1718, 0.08
1719, 0.25
1720, 0.51
1721, 0.46
1722, 0.55
1723, 0.25
1724, 0.46
1725, 0.51
1726, 0.72
1727, 0.31
1728, 0.46
1729, 0.99
1730, 0.46
1731, 0.31
1732, 0.46
1733, 0.55
1734, 0.46
1735, 0.55
1736, 0.51
1737, 0.15
1738, 0.93
1739, 0.93
1740, 0.95
1741, 0.55
1742, 0.02
1743, 0.15
1744, 0.31
1745, 0.47
1746, 0.46
1747, 0.55
1748, 0.55
1749, 0.45
1750, 0.55
1751, 0.46
1752, 0.55
1753, 0.67
1754, 0.95
1755, 0.51
1756, 0.46
1757, 0.95
1758, 0.46
1759, 0.55
1760, 0.31
1761, 0.58
1762, 0.46
1763, 0.45
1764, 0.51
1765, 0.84
1766, 0.55
1767, 1.00
1768, 0.45
1769, 0.55
1770, 0.47
1771, 0.46
1772, 0.46
1773, 0.46
1774, 0.46
1775, 0.46
1776, 0.46
1777, 0.31
1778, 0.55
1779, 0.46
1780, 1.00
1781, 0.55
1782, 0.47
1783, 0.45
1784, 0.23
1785, 0.46
1786, 0.45
1787, 1.00
1788, 0.46
1789, 0.31
1790, 0.46
1791, 0.15
1792, 0.55
1793, 0.46
1794, 0.46
1795, 0.08
1796, 0.23
1797, 0.55
1798, 0.15
1799, 0.47
1800, 0.93
1801, 0.47
1802, 0.55
1803, 0.51
1804, 0.46
1805, 0.45
1806, 1.00
1807, 0.46
1808, 0.55
1809, 0.46
1810, 0.46
1811, 0.55
1812, 0.96
1813, 0.67
1814, 0.46
1815, 0.55
1816, 0.23
1817, 0.55
1818, 0.55
1819, 0.46
1820, 0.55
1821, 0.55
1822, 0.21
1823, 0.01
1824, 0.46
1825, 0.46
1826, 0.45
1827, 0.03
1828, 0.08
1829, 0.46
1830, 0.55
1831, 0.46
1832, 0.25
1833, 0.93
1834, 0.46
1835, 0.23
1836, 0.91
1837, 0.46
1838, 0.46
1839, 0.15
1840, 0.23
1841, 0.31
1842, 0.47
1843, 0.15
1844, 0.46
1845, 0.31
1846, 0.72
1847, 0.15
1848, 0.46
1849, 0.31
1850, 0.55
1851, 0.45
1852, 0.55
1853, 0.55
1854, 0.55
1855, 0.46
1856, 0.55
1857, 0.31
1858, 0.47
1859, 0.31
1860, 0.15
1861, 0.31
1862, 0.72
1863, 0.08
1864, 0.46
1865, 0.55
1866, 0.55
1867, 0.46
1868, 0.46
1869, 0.46
1870, 0.15
1871, 0.46
1872, 0.45
1873, 0.46
1874, 0.31
1875, 0.67
1876, 1.00
1877, 0.47
1878, 0.31
1879, 0.54
1880, 1.00
1881, 0.97
1882, 0.55
1883, 0.08
1884, 0.46
1885, 0.15
1886, 0.45
1887, 0.08
1888, 0.31
1889, 0.46
1890, 0.58
1891, 0.55
1892, 0.93
1893, 0.45
1894, 0.08
1895, 0.58
1896, 0.45
1897, 0.47
1898, 0.46
1899, 0.72
1900, 0.55
1901, 0.25
1902, 1.00
1903, 0.65
1904, 0.47
1905, 0.58
1906, 0.46
1907, 0.93
1908, 0.55
1909, 0.55
1910, 0.46
1911, 0.46
1912, 0.95
1913, 0.46
1914, 0.51
1915, 0.46
1916, 0.55
1917, 0.46
1918, 0.25
1919, 0.95
1920, 0.31
1921, 0.93
1922, 0.58
1923, 0.55
1924, 0.93
1925, 0.47
1926, 0.25
1927, 0.46
1928, 0.55
1929, 0.45
1930, 0.08
1931, 0.31
1932, 0.15
1933, 0.55
1934, 0.45
1935, 0.46
1936, 0.46
1937, 0.58
1938, 0.55
1939, 0.46
1940, 0.46
1941, 0.46
1942, 0.46
1943, 0.55
1944, 1.00
1945, 0.55
1946, 0.98
1947, 0.08
1948, 0.46
1949, 0.72
1950, 0.46
1951, 0.46
1952, 0.55
1953, 0.98
1954, 0.55
1955, 0.46
1956, 0.55
1957, 0.46
1958, 0.55
1959, 0.67
1960, 0.03
1961, 0.93
1962, 0.84
1963, 0.55
1964, 0.67
1965, 0.31
1966, 0.31
1967, 0.58
1968, 0.15
1969, 0.51
1970, 0.93
1971, 0.55
1972, 1.00
1973, 0.46
1974, 0.46
1975, 0.55
1976, 0.46
1977, 0.84
1978, 0.46
1979, 0.55
1980, 0.25
1981, 0.46
1982, 0.45
1983, 0.25
1984, 0.46
1985, 0.47
1986, 1.00
1987, 0.46
1988, 0.46
1989, 0.45
1990, 0.55
1991, 0.46
1992, 0.84
1993, 0.51
1994, 0.55
1995, 0.58
1996, 0.46
1997, 0.47
1998, 0.67
1999, 0.47
2000, 0.46
2001, 0.08
2002, 0.46
2003, 0.31
2004, 1.00
2005, 0.72
2006, 0.55
2007, 0.67
2008, 0.55
2009, 0.46
2010, 1.00
2011, 0.17
2012, 0.45
2013, 0.46
2014, 0.58
2015, 0.54
2016, 0.46
2017, 0.46
2018, 0.51
2019, 0.55
2020, 0.31
2021, 0.46
2022, 0.25
2023, 0.15
2024, 0.46
2025, 0.31
2026, 0.45
2027, 0.98
2028, 0.46
2029, 0.93
2030, 0.08
2031, 0.55
2032, 0.31
2033, 0.31
2034, 0.46
2035, 0.47
2036, 0.46
2037, 0.31
2038, 0.55
2039, 0.55
2040, 0.08
2041, 0.46
2042, 0.46
2043, 0.45
2044, 0.45
2045, 0.31
2046, 0.95
2047, 0.23
2048, 0.46
2049, 0.55
2050, 0.46
2051, 0.01
2052, 0.46
2053, 0.55
2054, 0.31
2055, 0.46
2056, 0.46
2057, 0.47
2058, 0.55
2059, 0.58
2060, 0.31
2061, 0.47
2062, 0.46
2063, 0.55
2064, 0.25
2065, 1.00
2066, 0.03
2067, 0.55
2068, 0.23
2069, 0.01
2070, 0.46
2071, 0.45
2072, 0.08
2073, 0.58
2074, 0.45
2075, 0.46
2076, 0.46
2077, 0.31
2078, 0.46
2079, 0.45
2080, 0.91
2081, 0.64
2082, 0.55
2083, 0.46
2084, 0.55
2085, 0.31
2086, 0.31
2087, 1.00
2088, 0.46
2089, 0.46
2090, 0.46
2091, 0.55
2092, 0.67
2093, 0.55
2094, 0.55
2095, 0.55
2096, 0.46
2097, 0.15
2098, 0.08
2099, 0.47
2100, 0.23
2101, 0.46
2102, 0.31
2103, 0.55
2104, 0.08
2105, 0.98
2106, 0.21
2107, 1.00
2108, 0.47
2109, 0.58
2110, 0.54
2111, 0.46
2112, 0.03
2113, 0.47
2114, 0.15
2115, 1.00
2116, 0.08
2117, 0.55
2118, 0.15
2119, 0.51
2120, 0.46
2121, 0.55
2122, 0.45
2123, 0.55
2124, 0.96
2125, 0.46
2126, 0.46
2127, 0.55
2128, 0.55
2129, 0.46
2130, 0.55
2131, 0.47
2132, 0.46
2133, 0.93
2134, 1.00
2135, 0.55
2136, 0.51
2137, 0.99
2138, 0.46
2139, 0.55
2140, 0.25
2141, 0.93
2142, 0.58
2143, 1.00
2144, 0.47
2145, 0.55
2146, 0.47
2147, 0.55
2148, 0.67
2149, 0.01
2150, 0.15
2151, 0.98
2152, 0.46
2153, 0.46
2154, 0.95
2155, 0.21
2156, 0.47
2157, 0.46
2158, 0.46
2159, 0.86
2160, 0.98
2161, 0.67
2162, 0.51
2163, 0.15
2164, 0.46
2165, 0.55
2166, 0.95
2167, 0.55
2168, 0.99
2169, 0.46
2170, 0.31
2171, 0.47
2172, 0.31
2173, 0.55
2174, 0.08
2175, 0.55
2176, 0.55
2177, 0.55
2178, 0.46
2179, 0.46
2180, 0.55
2181, 0.46
2182, 0.93
2183, 0.55
2184, 0.51
2185, 0.46
2186, 0.55
2187, 0.23
2188, 0.17
2189, 0.31
2190, 0.15
2191, 0.08
2192, 0.31
2193, 1.00
2194, 0.31
2195, 0.31
2196, 0.98
2197, 0.08
2198, 0.55
2199, 0.25
2200, 0.47
2201, 0.46
2202, 0.93
2203, 0.99
2204, 0.67
2205, 0.03
2206, 0.15
2207, 0.31
2208, 0.08
2209, 0.23
2210, 0.93
2211, 0.15
2212, 0.55
2213, 0.46
2214, 0.15
2215, 0.47
2216, 0.15
2217, 0.93
2218, 0.55
2219, 0.45
2220, 0.55
2221, 0.46
2222, 0.46
2223, 0.58
2224, 0.15
2225, 0.46
2226, 0.67
2227, 0.55
2228, 0.47
2229, 0.31
2230, 0.46
2231, 0.46
2232, 0.99
2233, 0.45
2234, 0.46
2235, 0.45
2236, 0.46
2237, 0.46
2238, 0.31
2239, 0.55
2240, 0.46
2241, 0.46
2242, 0.55
2243, 1.00
2244, 0.01
2245, 0.21
2246, 0.46
2247, 0.23
2248, 0.65
2249, 0.15
2250, 1.00
2251, 0.46
2252, 0.55
2253, 0.55
2254, 0.08
2255, 0.95
2256, 0.15
2257, 0.46
2258, 0.46
2259, 0.15
2260, 0.95
2261, 0.93
2262, 0.84
2263, 0.46
2264, 0.15
2265, 0.65
2266, 0.55
2267, 0.01
2268, 1.00
2269, 0.97
2270, 0.08
2271, 0.46
2272, 0.58
2273, 0.47
2274, 0.08
2275, 0.99
2276, 0.46
2277, 0.55
2278, 0.46
2279, 0.15
2280, 0.58
2281, 0.51
2282, 0.51
2283, 0.55
2284, 0.55
2285, 0.46
2286, 0.46
2287, 0.15
2288, 0.46
2289, 0.84
2290, 1.00
2291, 0.45
2292, 1.00
2293, 0.93
2294, 0.46
2295, 0.54
2296, 0.67
2297, 0.98
2298, 0.45
2299, 0.15
2300, 1.00
2301, 0.46
2302, 0.15
2303, 0.45
2304, 0.51
2305, 0.46
2306, 0.31
2307, 0.84
2308, 0.55
2309, 0.75
2310, 0.45
2311, 0.46
2312, 0.55
2313, 0.25
2314, 0.55
2315, 0.46
2316, 0.95
2317, 0.72
2318, 0.67
2319, 0.45
2320, 0.55
2321, 0.21
2322, 0.65
2323, 0.31
2324, 0.47
2325, 0.31
2326, 0.23
2327, 0.23
2328, 0.25
2329, 0.15
2330, 0.46
2331, 0.31
2332, 0.55
2333, 0.99
2334, 0.55
2335, 0.31
2336, 0.93
2337, 0.55
2338, 0.55
2339, 0.46
2340, 0.46
2341, 0.46
2342, 0.15
2343, 0.72
2344, 0.31
2345, 0.46
2346, 0.55
2347, 0.55
2348, 0.03
2349, 0.47
2350, 0.31
2351, 1.00
2352, 0.46
2353, 0.15
2354, 0.67
2355, 0.55
2356, 0.15
2357, 1.00
2358, 0.47
2359, 0.08
2360, 0.31
2361, 1.00
2362, 0.46
2363, 1.00
2364, 0.55
2365, 0.84
2366, 0.31
2367, 0.08
2368, 0.46
2369, 0.45
2370, 0.46
2371, 0.46
2372, 0.02
2373, 0.46
2374, 0.31
2375, 0.46
2376, 0.58
2377, 0.46
2378, 0.45
2379, 0.55
2380, 0.45
2381, 0.01
2382, 0.55
2383, 0.45
2384, 0.47
2385, 0.95
2386, 0.55
2387, 1.00
2388, 0.31
2389, 0.95
2390, 0.46
2391, 0.46
2392, 0.95
2393, 0.31
2394, 0.08
2395, 0.55
2396, 0.46
2397, 0.46
2398, 1.00
2399, 0.31
2400, 0.55
2401, 0.47
2402, 0.46
2403, 0.47
2404, 0.25
2405, 0.55
2406, 0.55
2407, 0.01
2408, 1.00
2409, 0.15
2410, 0.55
2411, 0.45
2412, 0.72
2413, 0.46
2414, 0.31
2415, 0.55
2416, 0.46
2417, 0.84
2418, 0.46
2419, 1.00
2420, 0.58
2421, 0.93
2422, 0.55
2423, 0.46
2424, 0.21
2425, 0.46
2426, 0.02
2427, 0.46
2428, 0.51
2429, 0.46
2430, 0.46
2431, 0.55
2432, 0.98
2433, 0.72
2434, 0.31
2435, 0.46
2436, 0.15
2437, 0.31
2438, 0.31
2439, 0.31
2440, 0.23
2441, 0.15
2442, 0.51
2443, 0.55
2444, 0.23
2445, 0.31
2446, 0.08
2447, 0.46
2448, 0.46
2449, 0.17
2450, 0.46
2451, 0.25
2452, 0.46
2453, 0.31
2454, 0.31
2455, 0.46
2456, 0.97
2457, 0.58
2458, 0.31
2459, 0.45
2460, 0.97
2461, 0.93
2462, 0.47
2463, 0.95
2464, 0.65
2465, 0.45
2466, 0.23
2467, 0.97
2468, 0.46
2469, 0.15
2470, 0.55
2471, 0.46
2472, 0.15
2473, 0.55
2474, 0.46
2475, 0.46
2476, 0.96
2477, 0.46
2478, 0.03
2479, 1.00
2480, 0.67
2481, 0.46
2482, 1.00
2483, 0.46
2484, 0.58
2485, 0.15
2486, 0.55
2487, 0.55
2488, 0.46
2489, 0.46
2490, 0.46
2491, 0.46
2492, 0.25
2493, 0.55
2494, 0.55
2495, 0.23
2496, 0.46
2497, 0.45
2498, 0.95
2499, 0.47
2500, 0.46
2501, 0.31
2502, 0.15
2503, 0.15
2504, 0.46
2505, 0.84
2506, 0.46
2507, 0.55
2508, 0.31
2509, 0.15
2510, 0.46
2511, 0.31
2512, 0.55
2513, 1.00
2514, 1.00
2515, 0.86
2516, 0.93
2517, 0.08
2518, 0.46
2519, 0.08
2520, 0.46
2521, 0.55
2522, 0.58
2523, 0.46
2524, 0.31
2525, 0.55
2526, 0.15
2527, 0.55
2528, 0.51
2529, 0.58
2530, 0.55
2531, 0.46
2532, 0.55
2533, 0.55
2534, 0.46
2535, 0.08
2536, 0.46
2537, 0.67
2538, 0.46
2539, 0.51
2540, 0.31
2541, 1.00
2542, 0.15
2543, 0.75
2544, 0.46
2545, 0.46
2546, 0.15
2547, 0.46
2548, 0.45
2549, 0.46
2550, 0.93
2551, 0.46
2552, 0.58
2553, 0.95
2554, 0.46
2555, 0.55
2556, 0.15
2557, 0.55
2558, 0.45
2559, 0.55
2560, 0.46
2561, 0.15
2562, 0.93
2563, 0.72
2564, 0.31
2565, 0.46
2566, 0.46
2567, 0.46
2568, 0.46
2569, 1.00
2570, 0.46
2571, 0.15
2572, 0.47
2573, 0.95
2574, 0.46
2575, 0.46
2576, 0.96
2577, 0.15
2578, 0.46
2579, 0.46
2580, 0.46
2581, 0.46
2582, 0.46
2583, 0.55
2584, 0.31
2585, 0.45
2586, 0.55
2587, 0.45
2588, 0.15
2589, 0.47
2590, 0.31
2591, 0.46
2592, 0.21
2593, 0.46
2594, 0.46
2595, 0.58
2596, 0.23
2597, 0.55
2598, 0.31
2599, 0.46
2600, 0.46
2601, 0.55
2602, 0.46
2603, 0.47
2604, 0.25
2605, 0.45
2606, 0.98
2607, 0.46
2608, 0.46
2609, 0.55
2610, 0.15
2611, 0.31
2612, 0.55
2613, 0.67
2614, 0.15
2615, 0.55
2616, 0.55
2617, 0.93
2618, 0.55
2619, 0.15
2620, 0.84
2621, 0.46
2622, 0.64
2623, 0.46
2624, 0.23
2625, 0.51
2626, 1.00
2627, 0.93
2628, 0.97
2629, 0.47
2630, 0.46
2631, 0.45
2632, 0.51
2633, 0.93
2634, 0.20
2635, 0.31
2636, 0.25
2637, 0.15
2638, 0.08
2639, 0.46
2640, 0.46
2641, 0.47
2642, 0.46
2643, 0.46
2644, 0.55
2645, 0.55
2646, 0.15
2647, 0.46
2648, 0.46
2649, 0.46
2650, 0.55
2651, 0.55
2652, 0.46
2653, 0.08
2654, 0.67
2655, 0.55
2656, 0.94
2657, 1.00
2658, 0.55
2659, 0.03
2660, 0.55
2661, 0.46
2662, 0.93
2663, 0.55
2664, 0.31
2665, 0.46
2666, 0.46
2667, 0.55
2668, 0.55
2669, 0.15
2670, 0.45
2671, 0.93
2672, 0.23
2673, 0.67
2674, 0.55
2675, 0.08
2676, 0.25
2677, 0.46
2678, 0.72
2679, 0.46
2680, 0.46
2681, 0.99
2682, 0.67
2683, 0.99
2684, 0.46
2685, 0.91
2686, 0.84
2687, 0.55
2688, 0.31
2689, 0.47
2690, 0.31
2691, 0.51
2692, 0.46
2693, 0.15
2694, 0.46
2695, 0.46
2696, 0.47
2697, 0.46
2698, 0.55
2699, 0.55
2700, 0.46
2701, 0.46
2702, 0.46
2703, 0.46
2704, 0.47
2705, 0.55
2706, 0.93
2707, 0.46
2708, 0.67
2709, 0.58
2710, 0.90
2711, 0.46
2712, 0.95
2713, 0.55
2714, 0.51
2715, 0.15
2716, 0.31
2717, 0.15
2718, 0.96
2719, 0.67
2720, 0.46
2721, 1.00
2722, 0.46
2723, 0.17
2724, 0.55
2725, 0.08
2726, 0.46
2727, 0.46
2728, 0.46
2729, 0.46
2730, 0.46
2731, 0.47
2732, 0.84
2733, 0.15
2734, 0.46
2735, 0.46
2736, 0.46
2737, 0.46
2738, 0.46
2739, 0.46
2740, 0.46
2741, 0.95
2742, 1.00
2743, 0.95
2744, 0.15
2745, 0.46
2746, 0.46
2747, 0.02
2748, 0.55
2749, 0.55
2750, 0.55
2751, 0.46
2752, 0.15
2753, 0.58
2754, 0.72
2755, 0.99
2756, 0.15
2757, 0.55
2758, 0.93
2759, 0.46
2760, 0.46
2761, 0.08
2762, 0.31
2763, 0.31
2764, 0.47
2765, 0.58
2766, 0.55
2767, 0.21
2768, 0.46
2769, 0.55
2770, 0.46
2771, 0.54
2772, 0.31
2773, 0.55
2774, 0.90
2775, 0.08
2776, 0.99
2777, 0.95
2778, 0.51
2779, 0.08
2780, 0.45
2781, 0.67
2782, 0.15
2783, 0.55
2784, 0.99
2785, 0.47
2786, 0.95
2787, 0.17
2788, 0.08
2789, 0.21
2790, 0.47
2791, 0.46
2792, 0.93
2793, 0.45
2794, 0.31
2795, 0.91
2796, 0.51
2797, 0.45
2798, 0.67
2799, 0.55
2800, 0.08
2801, 0.15
2802, 0.46
2803, 0.55
2804, 0.15
2805, 0.54
2806, 0.15
2807, 0.55
2808, 0.55
2809, 0.46
2810, 0.51
2811, 0.15
2812, 0.31
2813, 0.31
2814, 0.46
2815, 0.96
2816, 0.46
2817, 0.08
2818, 0.46
2819, 0.55
2820, 0.93
2821, 0.46
2822, 0.67
2823, 0.08
2824, 0.86
2825, 0.15
2826, 1.00
2827, 0.25
2828, 0.46
2829, 0.46
2830, 0.46
2831, 0.55
2832, 0.46
2833, 0.46
2834, 1.00
2835, 0.46
2836, 0.25
2837, 0.97
2838, 0.46
2839, 0.58
2840, 0.46
2841, 0.91
2842, 0.46
2843, 0.46
2844, 0.25
2845, 0.21
2846, 0.47
2847, 0.47
2848, 0.84
2849, 0.84
2850, 0.46
2851, 0.51
2852, 0.15
2853, 0.67
2854, 0.46
2855, 0.55
2856, 0.15
2857, 0.72
2858, 0.31
2859, 0.46
2860, 0.47
2861, 0.55
2862, 0.46
2863, 0.12
2864, 0.55
2865, 0.51
2866, 0.55
2867, 0.46
2868, 0.67
2869, 0.31
2870, 0.17
2871, 0.15
2872, 0.46
2873, 0.46
2874, 0.46
2875, 0.46
2876, 0.15
2877, 0.31
2878, 0.67
2879, 0.55
2880, 0.95
2881, 0.45
2882, 1.00
2883, 0.99
2884, 1.00
2885, 0.46
2886, 0.46
2887, 0.55
2888, 0.46
2889, 0.55
2890, 0.46
2891, 0.55
2892, 0.51
2893, 0.55
2894, 0.55
2895, 0.55
2896, 0.93
2897, 0.15
2898, 0.99
2899, 0.46
2900, 0.46
2901, 0.47
2902, 0.93
2903, 0.99
2904, 0.15
2905, 0.45
2906, 0.55
2907, 0.55
2908, 0.67
2909, 0.15
2910, 1.00
2911, 0.46
2912, 0.31
2913, 0.55
2914, 0.55
2915, 1.00
2916, 0.12
2917, 0.08
2918, 0.86
2919, 0.31
2920, 0.23
2921, 1.00
2922, 0.46
2923, 0.25
2924, 0.21
2925, 0.46
2926, 0.55
2927, 0.55
2928, 0.46
2929, 0.46
2930, 0.45
2931, 0.46
2932, 0.46
2933, 0.46
2934, 0.45
2935, 0.46
2936, 0.46
2937, 0.45
2938, 0.99
2939, 0.15
2940, 0.67
2941, 0.55
2942, 0.45
2943, 0.91
2944, 0.55
2945, 0.15
2946, 0.58
2947, 0.31
2948, 0.93
2949, 1.00
2950, 0.15
2951, 0.45
2952, 0.55
2953, 0.46
2954, 1.00
2955, 0.46
2956, 0.47
2957, 1.00
2958, 0.31
2959, 0.03
2960, 0.55
2961, 0.46
2962, 0.46
2963, 0.31
2964, 0.55
2965, 0.31
2966, 0.46
2967, 0.46
2968, 0.65
2969, 0.55
2970, 0.08
2971, 0.55
2972, 0.15
2973, 0.95
2974, 0.98
2975, 0.15
2976, 0.58
2977, 0.28
2978, 0.46
2979, 0.15
2980, 0.46
2981, 0.45
2982, 0.25
2983, 0.47
2984, 0.31
2985, 0.58
2986, 0.55
2987, 0.08
2988, 0.45
2989, 0.23
2990, 0.46
2991, 0.55
2992, 0.72
2993, 0.31
2994, 0.46
2995, 0.46
2996, 0.31
2997, 0.67
2998, 0.46
2999, 0.12
3000, 0.08
3001, 0.46
3002, 0.46
3003, 0.95
3004, 0.97
3005, 0.28
3006, 0.31
3007, 0.55
3008, 0.46
3009, 0.46
3010, 0.55
3011, 0.45
3012, 0.55
3013, 0.55
3014, 0.46
3015, 0.46
3016, 0.46
3017, 0.84
3018, 0.46
3019, 0.46
3020, 0.46
3021, 0.67
3022, 0.45
3023, 0.98
3024, 0.55
3025, 0.46
3026, 0.45
3027, 0.46
3028, 0.47
3029, 0.31
3030, 0.31
3031, 0.99
3032, 0.55
3033, 0.51
3034, 0.51
3035, 0.55
3036, 0.55
3037, 0.25
3038, 0.46
3039, 0.67
3040, 0.58
3041, 0.15
3042, 0.23
3043, 0.31
3044, 0.55
3045, 0.58
3046, 0.58
3047, 0.01
3048, 0.25
3049, 0.31
3050, 0.15
3051, 0.55
3052, 0.51
3053, 0.31
3054, 0.15
3055, 0.55
3056, 0.12
3057, 0.47
3058, 0.84
3059, 0.31
3060, 0.46
3061, 0.55
3062, 0.45
3063, 0.31
3064, 0.15
3065, 0.47
3066, 0.46
3067, 0.55
3068, 0.55
3069, 0.46
3070, 0.55
3071, 0.25
3072, 0.67
3073, 0.46
3074, 0.45
3075, 0.23
3076, 0.55
3077, 0.03
3078, 0.20
3079, 0.31
3080, 0.55
3081, 1.00
3082, 1.00
3083, 0.46
3084, 0.46
3085, 0.46
3086, 0.45
3087, 0.46
3088, 0.46
3089, 1.00
3090, 0.47
3091, 0.46
3092, 0.15
3093, 0.46
3094, 0.93
3095, 0.55
3096, 0.31
3097, 0.55
3098, 0.55
3099, 0.46
3100, 0.93
3101, 0.21
3102, 0.15
3103, 0.31
3104, 0.08
3105, 0.46
3106, 0.55
3107, 0.47
3108, 0.55
3109, 0.25
3110, 1.00
3111, 0.47
3112, 0.45
3113, 0.67
3114, 0.25
3115, 0.46
3116, 0.31
3117, 0.46
3118, 0.31
3119, 0.46
3120, 0.55
3121, 0.45
3122, 0.31
3123, 0.55
3124, 1.00
3125, 0.46
3126, 0.46
3127, 0.55
3128, 0.23
3129, 0.45
3130, 0.97
3131, 0.55
3132, 0.55
3133, 0.65
3134, 0.46
3135, 0.58
3136, 0.46
3137, 0.46
3138, 0.55
3139, 0.47
3140, 0.47
3141, 0.46
3142, 0.93
3143, 0.46
3144, 0.84
3145, 0.08
3146, 0.46
3147, 0.25
3148, 0.46
3149, 0.45
3150, 0.45
3151, 0.46
3152, 0.55
3153, 0.31
3154, 0.95
3155, 0.31
3156, 0.46
3157, 0.55
3158, 0.46
3159, 1.00
3160, 0.99
3161, 0.46
3162, 0.67
3163, 0.21
3164, 0.93
3165, 0.45
3166, 0.55
3167, 0.08
3168, 0.67
3169, 0.67
3170, 0.55
3171, 0.95
3172, 0.55
3173, 1.00
3174, 0.58
3175, 0.55
3176, 0.96
3177, 0.31
3178, 0.31
3179, 0.15
3180, 0.15
3181, 0.46
3182, 0.55
3183, 0.46
3184, 0.46
3185, 0.31
3186, 0.15
3187, 0.46
3188, 0.31
3189, 0.47
3190, 0.46
3191, 0.99
3192, 0.46
3193, 0.25
3194, 1.00
3195, 0.08
3196, 0.55
3197, 0.55
3198, 0.55
3199, 0.45
3200, 0.51
3201, 0.55
3202, 0.55
3203, 0.46
3204, 1.00
3205, 0.46
3206, 0.46
3207, 1.00
3208, 0.51
3209, 0.55
3210, 0.31
3211, 0.93
3212, 0.95
3213, 0.08
3214, 0.31
3215, 1.00
3216, 0.08
3217, 0.46
3218, 0.67
3219, 0.46
3220, 0.55
3221, 0.23
3222, 0.99
3223, 0.55
3224, 0.47
3225, 0.46
3226, 0.51
3227, 0.46
3228, 0.55
3229, 0.46
3230, 0.47
3231, 0.46
3232, 0.93
3233, 0.46
3234, 0.46
3235, 0.15
3236, 0.55
3237, 0.96
3238, 0.67
3239, 0.84
3240, 0.23
3241, 0.45
3242, 0.45
3243, 0.31
3244, 0.46
3245, 0.46
3246, 0.46
3247, 1.00
3248, 0.45
3249, 0.55
3250, 0.15
3251, 0.55
3252, 0.99
3253, 0.55
3254, 0.99
3255, 0.55
3256, 0.31
3257, 0.46
3258, 0.95
3259, 0.46
3260, 0.15
3261, 0.15
3262, 0.31
3263, 0.58
3264, 0.20
3265, 0.55
3266, 0.55
3267, 0.08
3268, 0.55
3269, 0.67
3270, 0.55
3271, 0.55
3272, 0.31
3273, 0.55
3274, 0.99
3275, 0.72
3276, 0.03
3277, 0.46
3278, 0.51
3279, 0.72
3280, 0.67
3281, 0.46
3282, 0.67
3283, 0.15
3284, 0.46
3285, 0.46
3286, 1.00
3287, 0.46
3288, 0.55
3289, 0.47
3290, 0.15
3291, 0.72
3292, 0.93
3293, 0.51
3294, 0.45
3295, 0.15
3296, 0.46
3297, 0.45
3298, 0.55
3299, 0.46
3300, 0.46
3301, 0.46
3302, 0.55
3303, 0.31
3304, 0.46
3305, 0.17
3306, 0.46
3307, 0.46
3308, 0.46
3309, 0.46
3310, 1.00
3311, 0.46
3312, 0.55
3313, 0.81
3314, 0.58
3315, 0.15
3316, 0.47
3317, 0.46
3318, 0.58
3319, 0.47
3320, 0.65
3321, 0.46
3322, 0.46
3323, 0.55
3324, 0.46
3325, 0.46
3326, 0.25
3327, 0.15
3328, 0.55
3329, 0.15
3330, 0.46
3331, 0.46
3332, 0.55
3333, 0.55
3334, 0.55
3335, 0.97
3336, 0.08
3337, 0.31
3338, 0.08
3339, 0.67
3340, 0.72
3341, 0.58
3342, 1.00
3343, 0.08
3344, 0.55
3345, 0.58
3346, 0.55
3347, 0.46
3348, 0.31
3349, 0.55
3350, 0.46
3351, 0.46
3352, 0.01
3353, 0.46
3354, 0.46
3355, 0.15
3356, 0.91
3357, 0.17
3358, 0.08
3359, 0.46
3360, 0.55
3361, 0.21
3362, 0.47
3363, 0.55
3364, 0.86
3365, 0.46
3366, 0.46
3367, 0.45
3368, 0.23
3369, 0.51
3370, 0.55
3371, 0.15
3372, 0.46
3373, 0.46
3374, 0.58
3375, 0.46
3376, 0.23
3377, 0.72
3378, 0.31
3379, 0.46
3380, 0.15
3381, 0.15
3382, 0.15
3383, 0.46
3384, 0.15
3385, 0.47
3386, 1.00
3387, 0.51
3388, 0.55
3389, 0.46
3390, 0.84
3391, 0.46
3392, 0.55
3393, 0.15
3394, 0.46
3395, 0.45
3396, 1.00
3397, 0.46
3398, 0.31
3399, 0.55
3400, 1.00
3401, 0.47
3402, 0.51
3403, 0.46
3404, 0.46
3405, 0.45
3406, 0.46
3407, 0.15
3408, 0.23
3409, 0.08
3410, 0.46
3411, 0.31
3412, 0.90
3413, 0.02
3414, 1.00
3415, 0.46
3416, 0.15
3417, 1.00
3418, 0.46
3419, 0.08
3420, 0.15
3421, 0.08
3422, 0.67
3423, 0.15
3424, 0.31
3425, 0.93
3426, 0.55
3427, 0.55
3428, 0.46
3429, 0.58
3430, 0.55
3431, 0.99
3432, 0.91
3433, 0.46
3434, 0.46
3435, 0.55
3436, 0.46
3437, 1.00
3438, 0.08
3439, 0.08
3440, 0.15
3441, 0.55
3442, 0.08
3443, 0.46
3444, 0.46
3445, 0.46
3446, 0.98
3447, 0.67
3448, 0.20
3449, 0.96
3450, 0.15
3451, 0.46
3452, 0.46
3453, 0.55
3454, 0.99
3455, 0.08
3456, 0.15
3457, 0.95
3458, 0.46
3459, 0.31
3460, 0.55
3461, 0.15
3462, 0.99
3463, 0.99
3464, 0.25
3465, 0.15
3466, 0.55
3467, 0.31
3468, 0.15
3469, 0.55
3470, 0.15
3471, 0.55
3472, 0.55
3473, 0.45
3474, 0.55
3475, 0.67
3476, 0.55
3477, 0.45
3478, 0.46
3479, 0.55
3480, 0.55
3481, 0.31
3482, 0.31
3483, 0.55
3484, 0.15
3485, 1.00
3486, 0.55
3487, 0.46
3488, 0.25
3489, 0.46
3490, 0.97
3491, 0.45
3492, 0.06
3493, 0.45
3494, 0.55
3495, 0.45
3496, 0.01
3497, 0.47
3498, 0.46
3499, 0.46
3500, 0.15
3501, 0.45
3502, 0.46
3503, 0.31
3504, 0.15
3505, 0.55
3506, 0.15
3507, 0.55
3508, 0.55
3509, 0.55
3510, 0.46
3511, 0.46
3512, 0.31
3513, 0.55
3514, 0.55
3515, 0.23
3516, 0.95
3517, 0.46
3518, 0.08
3519, 0.45
3520, 0.55
3521, 0.55
3522, 0.08
3523, 0.46
3524, 0.55
3525, 1.00
3526, 0.55
3527, 0.55
3528, 0.95
3529, 0.31
3530, 0.55
3531, 0.46
3532, 0.45
3533, 0.55
3534, 0.55
3535, 0.55
3536, 0.46
3537, 0.55
3538, 0.46
3539, 0.47
3540, 0.46
3541, 0.93
3542, 0.15
3543, 0.55
3544, 0.08
3545, 0.55
3546, 0.46
3547, 0.46
3548, 0.31
3549, 0.46
3550, 0.46
3551, 0.46
3552, 0.46
3553, 0.46
3554, 1.00
3555, 0.25
3556, 0.46
3557, 0.15
3558, 0.47
3559, 0.46
3560, 0.15
3561, 0.99
3562, 0.58
3563, 0.08
3564, 0.15
3565, 0.15
3566, 0.46
3567, 0.46
3568, 0.08
3569, 1.00
3570, 0.46
3571, 0.67
3572, 0.08
3573, 0.55
3574, 1.00
3575, 0.31
3576, 0.46
3577, 0.23
3578, 0.46
3579, 0.08
3580, 0.55
3581, 0.58
3582, 0.31
3583, 0.67
3584, 0.55
3585, 0.21
3586, 0.81
3587, 0.15
3588, 0.86
3589, 0.55
3590, 0.46
3591, 0.46
3592, 0.55
3593, 0.25
3594, 0.15
3595, 0.93
3596, 0.15
3597, 0.15
3598, 0.46
3599, 0.46
3600, 0.08
3601, 0.46
3602, 0.08
3603, 1.00
3604, 0.31
3605, 0.47
3606, 0.46
3607, 0.01
3608, 0.31
3609, 0.55
3610, 0.91
3611, 0.46
3612, 0.55
3613, 0.31
3614, 0.46
3615, 0.15
3616, 1.00
3617, 0.45
3618, 0.28
3619, 0.08
3620, 0.46
3621, 0.15
3622, 0.55
3623, 0.93
3624, 0.46
3625, 0.93
3626, 0.25
3627, 0.21
3628, 0.46
3629, 0.46
3630, 0.55
3631, 1.00
3632, 0.46
3633, 0.15
3634, 0.46
3635, 0.55
3636, 0.55
3637, 0.46
3638, 0.55
3639, 0.25
3640, 0.46
3641, 0.91
3642, 0.55
3643, 0.93
3644, 0.99
3645, 0.46
3646, 0.93
3647, 0.51
3648, 0.45
3649, 0.55
3650, 0.65
3651, 0.47
3652, 0.55
3653, 1.00
3654, 0.46
3655, 0.72
3656, 0.01
3657, 0.08
3658, 0.98
3659, 0.55
3660, 0.93
3661, 0.91
3662, 0.47
3663, 0.51
3664, 0.45
3665, 0.46
3666, 0.21
3667, 0.55
3668, 0.46
3669, 0.55
3670, 0.23
3671, 0.55
3672, 0.46
3673, 0.46
3674, 0.46
3675, 0.67
3676, 0.15
3677, 0.46
3678, 0.55
3679, 0.84
3680, 0.55
3681, 0.17
3682, 0.15
3683, 0.46
3684, 0.58
3685, 0.97
3686, 0.46
3687, 0.31
3688, 0.51
3689, 0.46
3690, 0.15
3691, 0.15
3692, 0.46
3693, 0.31
3694, 1.00
3695, 0.47
3696, 0.55
3697, 0.55
3698, 0.51
3699, 0.15
3700, 0.93
3701, 0.46
3702, 0.46
3703, 0.31
3704, 0.46
3705, 1.00
3706, 0.55
3707, 0.55
3708, 0.46
3709, 0.46
3710, 0.15
3711, 0.55
3712, 0.31
3713, 0.55
3714, 0.46
3715, 0.46
3716, 0.46
3717, 0.95
3718, 0.08
3719, 0.46
3720, 0.08
3721, 0.95
3722, 0.55
3723, 0.46
3724, 0.67
3725, 0.25
3726, 0.03
3727, 1.00
3728, 0.55
3729, 0.46
3730, 0.47
3731, 0.46
3732, 0.55
3733, 0.46
3734, 0.21
3735, 0.47
3736, 0.55
3737, 0.55
3738, 0.46
3739, 0.55
3740, 0.98
3741, 0.46
3742, 0.46
3743, 0.46
3744, 0.45
3745, 0.17
3746, 0.46
3747, 1.00
3748, 0.25
3749, 0.46
3750, 0.17
3751, 0.46
3752, 0.55
3753, 0.55
3754, 0.93
3755, 0.46
3756, 0.47
3757, 0.25
3758, 0.99
3759, 0.31
3760, 0.15
3761, 0.08
3762, 0.21
3763, 0.96
3764, 0.15
3765, 0.55
3766, 0.46
3767, 0.31
3768, 0.31
3769, 1.00
3770, 0.45
3771, 0.25
3772, 0.51
3773, 0.46
3774, 0.55
3775, 0.55
3776, 0.46
3777, 0.03
3778, 0.31
3779, 0.55
3780, 0.45
3781, 0.84
3782, 0.67
3783, 0.55
3784, 0.31
3785, 0.55
3786, 0.54
3787, 0.55
3788, 0.46
3789, 0.46
3790, 0.46
3791, 0.46
3792, 0.31
3793, 0.55
3794, 0.31
3795, 0.46
3796, 0.55
3797, 0.55
3798, 0.99
3799, 0.31
3800, 0.99
3801, 0.03
3802, 0.46
3803, 1.00
3804, 0.55
3805, 0.31
3806, 0.46
3807, 0.55
3808, 0.55
3809, 0.17
3810, 0.15
3811, 0.25
3812, 0.15
3813, 0.45
3814, 0.55
3815, 0.95
3816, 0.08
3817, 0.15
3818, 0.15
3819, 0.46
3820, 0.46
3821, 0.45
3822, 0.46
3823, 0.55
3824, 0.46
3825, 0.15
3826, 0.31
3827, 0.47
3828, 1.00
3829, 0.31
3830, 0.31
3831, 0.55
3832, 0.15
3833, 0.95
3834, 0.97
3835, 0.08
3836, 1.00
3837, 0.46
3838, 0.08
3839, 0.31
3840, 0.15
3841, 0.08
3842, 0.55
3843, 1.00
3844, 0.15
3845, 0.23
3846, 0.46
3847, 0.55
3848, 0.55
3849, 0.67
3850, 0.67
3851, 0.31
3852, 0.55
3853, 0.47
3854, 0.46
3855, 0.97
3856, 0.51
3857, 1.00
3858, 0.67
3859, 0.55
3860, 0.55
3861, 1.00
3862, 0.15
3863, 0.67
3864, 0.15
3865, 0.46
3866, 0.46
3867, 0.55
3868, 0.15
3869, 0.46
3870, 0.46
3871, 0.46
3872, 0.47
3873, 1.00
3874, 0.46
3875, 1.00
3876, 0.46
3877, 0.46
3878, 0.46
3879, 0.46
3880, 0.55
3881, 0.31
3882, 0.46
3883, 0.31
3884, 0.46
3885, 0.31
3886, 0.15
3887, 0.15
3888, 0.55
3889, 0.46
3890, 0.58
3891, 0.55
3892, 0.15
3893, 0.15
3894, 0.31
3895, 0.96
3896, 0.46
3897, 0.20
3898, 0.55
3899, 0.31
3900, 0.46
3901, 0.55
3902, 0.46
3903, 0.31
3904, 0.81
3905, 0.55
3906, 0.31
3907, 0.55
3908, 1.00
3909, 0.55
3910, 0.46
3911, 0.46
3912, 0.31
3913, 0.46
3914, 0.55
3915, 0.55
3916, 0.15
3917, 0.46
3918, 0.55
3919, 0.46
3920, 0.55
3921, 0.46
3922, 0.55
3923, 0.46
3924, 0.72
3925, 0.31
3926, 0.31
3927, 0.45
3928, 0.93
3929, 1.00
3930, 0.31
3931, 0.46
3932, 0.67
3933, 0.31
3934, 0.46
3935, 0.67
3936, 0.55
3937, 0.15
3938, 0.31
3939, 0.46
3940, 0.54
3941, 0.55
3942, 0.08
3943, 0.31
3944, 0.93
3945, 0.46
3946, 0.31
3947, 0.46
3948, 0.08
3949, 0.99
3950, 0.55
3951, 0.20
3952, 0.93
3953, 0.55
3954, 0.67
3955, 0.15
3956, 0.25
3957, 0.46
3958, 0.46
3959, 0.72
3960, 0.15
3961, 0.55
3962, 0.46
3963, 0.55
3964, 0.54
3965, 0.95
3966, 0.31
3967, 0.45
3968, 0.55
3969, 0.55
3970, 0.55
3971, 0.31
3972, 0.67
3973, 0.45
3974, 0.45
3975, 0.46
3976, 0.55
3977, 0.98
3978, 0.99
3979, 0.25
3980, 0.31
3981, 0.46
3982, 0.46
3983, 1.00
3984, 0.55
3985, 0.67
3986, 0.31
3987, 0.15
3988, 0.98
3989, 0.46
3990, 0.55
3991, 0.46
3992, 0.46
3993, 0.46
3994, 0.46
3995, 0.23
3996, 0.08
3997, 0.55
3998, 0.55
3999, 0.31
4000, 0.55
4001, 0.47
4002, 0.75
4003, 0.93
4004, 0.86
4005, 0.55
4006, 0.15
4007, 0.55
4008, 0.46
4009, 0.91
4010, 0.47
4011, 0.99
4012, 0.46
4013, 0.46
4014, 0.23
4015, 0.51
4016, 0.15
4017, 0.08
4018, 0.45
4019, 0.46
4020, 0.45
4021, 0.45
4022, 0.58
4023, 0.58
4024, 0.46
4025, 0.98
4026, 0.55
4027, 0.55
4028, 0.84
4029, 0.93
4030, 0.46
4031, 0.15
4032, 0.46
4033, 0.46
4034, 0.47
4035, 0.31
4036, 0.96
4037, 0.46
4038, 0.55
4039, 0.99
4040, 0.84
4041, 0.67
4042, 0.46
4043, 0.46
4044, 0.55
4045, 0.31
4046, 0.54
4047, 0.46
4048, 0.46
4049, 0.46
4050, 0.46
4051, 0.47
4052, 0.45
4053, 0.23
4054, 0.51
4055, 0.47
4056, 0.30
4057, 0.67
4058, 0.93
4059, 0.45
4060, 0.55
4061, 0.08
4062, 0.31
4063, 0.23
4064, 0.46
4065, 0.55
4066, 0.98
4067, 0.51
4068, 1.00
4069, 0.67
4070, 0.15
4071, 1.00
4072, 0.46
4073, 0.95
4074, 0.55
4075, 0.55
4076, 0.55
4077, 0.46
4078, 1.00
4079, 0.55
4080, 0.46
4081, 0.55
4082, 0.91
4083, 0.55
4084, 0.55
4085, 0.55
4086, 0.46
4087, 0.99
4088, 0.46
4089, 0.46
4090, 0.99
4091, 1.00
4092, 1.00
4093, 0.67
4094, 0.55
4095, 0.31
4096, 0.55
4097, 0.47
4098, 0.08
4099, 0.31
4100, 0.15
4101, 0.15
4102, 0.55
4103, 0.31
4104, 0.15
4105, 0.31
4106, 0.91
4107, 0.31
4108, 0.99
4109, 0.15
4110, 1.00
4111, 0.99
4112, 1.00
4113, 0.46
4114, 0.46
4115, 0.51
4116, 0.46
4117, 0.55
4118, 0.31
4119, 0.25
4120, 0.55
4121, 0.55
4122, 0.47
4123, 0.15
4124, 0.58
4125, 0.45
4126, 0.31
4127, 0.08
4128, 0.46
4129, 0.58
4130, 0.17
4131, 0.46
4132, 0.55
4133, 0.72
4134, 0.46
4135, 0.46
4136, 0.46
4137, 0.51
4138, 0.67
4139, 0.46
4140, 0.31
4141, 0.99
4142, 0.15
4143, 0.46
4144, 0.08
4145, 0.55
4146, 0.93
4147, 0.46
4148, 0.15
4149, 0.15
4150, 0.46
4151, 0.55
4152, 0.45
4153, 0.47
4154, 0.55
4155, 0.93
4156, 0.46
4157, 0.67
4158, 0.55
4159, 0.46
4160, 0.31
4161, 0.15
4162, 0.15
4163, 0.46
4164, 0.46
4165, 0.99
4166, 0.67
4167, 0.46
4168, 0.46
4169, 0.46
4170, 0.55
4171, 0.46
4172, 0.46
4173, 0.46
4174, 0.15
4175, 0.15
4176, 1.00
4177, 0.99
4178, 0.55
4179, 1.00
4180, 0.58
4181, 0.31
4182, 0.55
4183, 0.46
4184, 0.45
4185, 0.46
4186, 0.46
4187, 0.46
4188, 0.99
4189, 0.46
4190, 0.46
4191, 0.67
4192, 0.55
4193, 0.99
4194, 0.58
4195, 0.45
4196, 0.55
4197, 0.45
4198, 0.46
4199, 0.46
4200, 0.46
4201, 0.15
4202, 0.55
4203, 0.55
4204, 0.25
4205, 0.08
4206, 0.46
4207, 0.65
4208, 0.58
4209, 0.15
4210, 0.47
4211, 0.45
4212, 0.23
4213, 0.93
4214, 0.15
4215, 0.21
4216, 0.99
4217, 0.23
4218, 0.55
4219, 1.00
4220, 0.31
4221, 0.55
4222, 0.46
4223, 0.15
4224, 0.31
4225, 0.46
4226, 0.15
4227, 0.47
4228, 0.55
4229, 0.55
4230, 0.51
4231, 0.55
4232, 0.98
4233, 0.46
4234, 0.46
4235, 0.46
4236, 0.46
4237, 0.84
4238, 0.55
4239, 0.93
4240, 0.46
4241, 0.55
4242, 1.00
4243, 0.46
4244, 0.55
4245, 0.46
4246, 0.15
4247, 0.93
4248, 0.58
4249, 0.51
4250, 0.08
4251, 0.55
4252, 1.00
4253, 0.46
4254, 0.58
4255, 0.30
4256, 0.58
4257, 0.15
4258, 0.46
4259, 0.45
4260, 1.00
4261, 1.00
4262, 0.46
4263, 0.31
4264, 0.31
4265, 0.25
4266, 1.00
4267, 0.45
4268, 1.00
4269, 0.46
4270, 0.55
4271, 0.15
4272, 0.08
4273, 0.55
4274, 0.55
4275, 0.46
4276, 0.96
4277, 0.15
4278, 0.31
4279, 0.46
4280, 0.31
4281, 0.31
4282, 0.97
4283, 0.55
4284, 0.46
4285, 0.93
4286, 0.55
4287, 0.55
4288, 0.55
4289, 0.55
4290, 0.31
4291, 0.47
4292, 0.55
4293, 0.46
4294, 0.55
4295, 0.55
4296, 0.58
4297, 0.55
4298, 0.15
4299, 0.86
4300, 0.31
4301, 0.55
4302, 0.31
4303, 0.91
4304, 0.46
4305, 1.00
4306, 0.67
4307, 0.55
4308, 0.15
4309, 0.31
4310, 0.45
4311, 0.46
4312, 0.46
4313, 0.46
4314, 0.25
4315, 0.55
4316, 0.55
4317, 0.15
4318, 0.31
4319, 0.15
4320, 0.58
4321, 1.00
4322, 0.55
4323, 1.00
4324, 0.45
4325, 0.46
4326, 0.31
4327, 0.46
4328, 0.46
4329, 0.67
4330, 0.46
4331, 0.08
4332, 0.99
4333, 1.00
4334, 0.46
4335, 0.17
4336, 0.55
4337, 0.08
4338, 0.67
4339, 0.93
4340, 1.00
4341, 0.30
4342, 0.55
4343, 0.31
4344, 0.25
4345, 0.55
4346, 0.46
4347, 0.23
4348, 0.23
4349, 0.25
4350, 0.47
4351, 0.46
4352, 0.08
4353, 0.98
4354, 0.31
4355, 0.55
4356, 0.31
4357, 0.55
4358, 0.75
4359, 0.46
4360, 0.17
4361, 0.46
4362, 0.55
4363, 0.93
4364, 0.46
4365, 0.72
4366, 0.31
4367, 1.00
4368, 1.00
4369, 0.55
4370, 0.46
4371, 0.47
4372, 0.55
4373, 0.15
4374, 0.55
4375, 0.31
4376, 0.47
4377, 0.45
4378, 0.15
4379, 0.47
4380, 0.58
4381, 0.55
4382, 0.46
4383, 0.21
4384, 0.45
4385, 0.46
4386, 0.46
4387, 0.67
4388, 1.00
4389, 0.91
4390, 0.15
4391, 0.23
4392, 0.46
4393, 0.15
4394, 0.65
4395, 0.46
4396, 0.90
4397, 0.46
4398, 0.47
4399, 0.45
4400, 1.00
4401, 0.31
4402, 0.45
4403, 0.31
4404, 0.46
4405, 0.46
4406, 0.23
4407, 0.65
4408, 1.00
4409, 0.08
4410, 0.55
4411, 0.12
4412, 0.46
4413, 0.75
4414, 0.23
4415, 0.08
4416, 0.55
4417, 0.51
4418, 0.08
4419, 0.46
4420, 0.46
4421, 0.01
4422, 0.46
4423, 0.46
4424, 1.00
4425, 0.55
4426, 0.46
4427, 0.25
4428, 0.15
4429, 0.12
4430, 0.46
4431, 0.31
4432, 0.67
4433, 0.46
4434, 0.46
4435, 0.55
4436, 0.58
4437, 0.46
4438, 0.55
4439, 0.93
4440, 0.93
4441, 0.46
4442, 0.46
4443, 0.46
4444, 0.08
4445, 0.46
4446, 0.46
4447, 0.95
4448, 0.55
4449, 0.46
4450, 0.46
4451, 0.46
4452, 0.58
4453, 0.55
4454, 0.45
4455, 0.31
4456, 0.31
4457, 0.46
4458, 1.00
4459, 0.55
4460, 0.31
4461, 0.46
4462, 0.15
4463, 0.15
4464, 0.15
4465, 0.46
4466, 0.31
4467, 0.31
4468, 0.46
4469, 0.95
4470, 0.96
4471, 0.15
4472, 0.31
4473, 0.46
4474, 0.23
4475, 0.55
4476, 0.95
4477, 0.31
4478, 1.00
4479, 0.45
4480, 0.55
4481, 0.96
4482, 0.31
4483, 0.46
4484, 0.45
4485, 0.15
4486, 0.55
4487, 0.55
4488, 0.55
4489, 0.46
4490, 0.15
4491, 0.55
4492, 0.46
4493, 0.55
4494, 0.47
4495, 1.00
4496, 0.51
4497, 0.46
4498, 1.00
4499, 0.15
4500, 0.15
4501, 0.95
4502, 0.93
4503, 0.46
4504, 0.67
4505, 0.84
4506, 0.31
4507, 0.51
4508, 0.46
4509, 0.46
4510, 0.55
4511, 0.46
4512, 0.67
4513, 0.25
4514, 0.99
4515, 0.46
4516, 0.55
4517, 0.67
4518, 0.46
4519, 0.47
4520, 0.47
4521, 0.15
4522, 0.46
4523, 0.93
4524, 0.45
4525, 0.15
4526, 0.01
4527, 0.93
4528, 0.55
4529, 0.55
4530, 0.31
4531, 0.46
4532, 0.55
4533, 0.47
4534, 0.93
4535, 0.51
4536, 0.45
4537, 0.93
4538, 0.46
4539, 0.15
4540, 0.46
4541, 0.55
4542, 0.15
4543, 0.91
4544, 0.46
4545, 0.93
4546, 0.46
4547, 0.46
4548, 0.55
4549, 0.46
4550, 0.55
4551, 0.31
4552, 0.31
4553, 0.72
4554, 0.55
4555, 0.46
4556, 0.55
4557, 0.46
4558, 0.51
4559, 0.46
4560, 0.31
4561, 0.55
4562, 0.51
4563, 0.93
4564, 0.99
4565, 0.46
4566, 0.45
4567, 0.55
4568, 0.98
4569, 0.21
4570, 0.15
4571, 0.46
4572, 0.55
4573, 0.55
4574, 0.46
4575, 0.72
4576, 0.95
4577, 0.47
4578, 0.31
4579, 0.46
4580, 0.01
4581, 0.97
4582, 0.72
4583, 0.55
4584, 0.47
4585, 1.00
4586, 0.31
4587, 1.00
4588, 0.96
4589, 0.55
4590, 0.15
4591, 0.46
4592, 0.67
4593, 0.31
4594, 0.45
4595, 0.99
4596, 0.46
4597, 0.46
4598, 0.55
4599, 0.46
4600, 0.46
4601, 0.15
4602, 0.45
4603, 0.55
4604, 0.45
4605, 0.47
4606, 0.31
4607, 0.15
4608, 0.46
4609, 0.46
4610, 0.08
4611, 0.55
4612, 0.55
4613, 0.15
4614, 0.55
4615, 0.08
4616, 0.45
4617, 0.54
4618, 1.00
4619, 0.15
4620, 0.51
4621, 0.55
4622, 1.00
4623, 0.97
4624, 0.46
4625, 0.55
4626, 0.99
4627, 0.15
4628, 0.23
4629, 0.72
4630, 0.55
4631, 0.31
4632, 0.46
4633, 0.46
4634, 0.55
4635, 0.46
4636, 1.00
4637, 0.67
4638, 0.55
4639, 1.00
4640, 1.00
4641, 0.47
4642, 0.08
4643, 0.58
4644, 0.46
4645, 0.15
4646, 0.46
4647, 0.46
4648, 0.58
4649, 0.91
4650, 0.15
4651, 0.55
4652, 0.31
4653, 0.46
4654, 0.58
4655, 0.31
4656, 0.99
4657, 0.31
4658, 0.46
4659, 0.15
4660, 0.47
4661, 0.55
4662, 0.67
4663, 0.15
4664, 1.00
4665, 0.46
4666, 0.55
4667, 0.64
4668, 0.31
4669, 0.58
4670, 0.25
4671, 0.45
4672, 0.99
4673, 0.15
4674, 0.93
4675, 0.47
4676, 0.15
4677, 0.55
4678, 0.15
4679, 0.15
4680, 0.47
4681, 0.54
4682, 1.00
4683, 0.99
4684, 0.99
4685, 0.54
4686, 0.08
4687, 0.31
4688, 0.08
4689, 0.55
4690, 0.98
4691, 0.46
4692, 0.55
4693, 0.84
4694, 0.31
4695, 0.46
4696, 0.08
4697, 0.46
4698, 0.15
4699, 0.55
4700, 0.67
4701, 0.98
4702, 0.46
4703, 0.55
4704, 0.15
4705, 0.46
4706, 0.47
4707, 0.67
4708, 1.00
4709, 0.95
4710, 0.46
4711, 0.25
4712, 0.08
4713, 0.55
4714, 0.31
4715, 0.31
4716, 0.96
4717, 0.55
4718, 1.00
4719, 0.06
4720, 0.45
4721, 0.55
4722, 0.46
4723, 0.55
4724, 0.45
4725, 0.15
4726, 0.46
4727, 0.46
4728, 0.55
4729, 0.46
4730, 0.55
4731, 0.46
4732, 0.46
4733, 0.46
4734, 0.55
4735, 0.46
4736, 0.47
4737, 0.46
4738, 0.58
4739, 0.55
4740, 0.31
4741, 0.46
4742, 0.46
4743, 0.54
4744, 0.84
4745, 0.46
4746, 0.58
4747, 0.67
4748, 0.46
4749, 1.00
4750, 0.46
4751, 0.55
4752, 0.46
4753, 0.31
4754, 0.58
4755, 0.72
4756, 0.31
4757, 0.55
4758, 0.54
4759, 0.46
4760, 0.51
4761, 0.46
4762, 0.93
4763, 0.15
4764, 0.15
4765, 0.46
4766, 0.23
4767, 0.45
4768, 0.55
4769, 0.51
4770, 0.46
4771, 0.93
4772, 0.31
4773, 0.55
4774, 0.55
4775, 0.46
4776, 0.55
4777, 0.31
4778, 0.98
4779, 0.46
4780, 0.46
4781, 1.00
4782, 0.46
4783, 1.00
4784, 0.54
4785, 1.00
4786, 0.99
4787, 1.00
4788, 0.31
4789, 0.55
4790, 0.55
4791, 0.55
4792, 0.46
4793, 0.46
4794, 0.08
4795, 0.93
4796, 0.93
4797, 0.55
4798, 0.46
4799, 0.25
4800, 0.31
4801, 0.55
4802, 0.15
4803, 0.47
4804, 0.46
4805, 0.46
4806, 0.46
4807, 0.31
4808, 0.46
4809, 0.46
4810, 0.91
4811, 0.46
4812, 0.31
4813, 0.46
4814, 0.15
4815, 0.46
4816, 0.46
4817, 0.46
4818, 0.46
4819, 0.46
4820, 1.00
4821, 0.31
4822, 0.15
4823, 0.23
4824, 0.55
4825, 0.15
4826, 0.55
4827, 0.47
4828, 0.31
4829, 1.00
4830, 0.55
4831, 0.31
4832, 0.23
4833, 0.99
4834, 0.31
4835, 0.46
4836, 1.00
4837, 0.08
4838, 0.25
4839, 0.15
4840, 0.46
4841, 0.55
4842, 0.15
4843, 0.55
4844, 0.55
4845, 0.51
4846, 0.72
4847, 0.46
4848, 0.93
4849, 0.46
4850, 0.58
4851, 0.08
4852, 0.67
4853, 0.45
4854, 0.15
4855, 0.25
4856, 0.08
4857, 0.55
4858, 0.46
4859, 0.31
4860, 0.67
4861, 0.15
4862, 0.55
4863, 0.46
4864, 0.98
4865, 0.15
4866, 0.90
4867, 0.55
4868, 0.01
4869, 0.46
4870, 0.55
4871, 0.93
4872, 0.55
4873, 0.67
4874, 0.25
4875, 0.45
4876, 0.55
4877, 0.93
4878, 0.46
4879, 0.47
4880, 0.94
4881, 0.46
4882, 1.00
4883, 0.93
4884, 0.31
4885, 0.46
4886, 0.75
4887, 0.55
4888, 0.31
4889, 0.55
4890, 0.47
4891, 0.51
4892, 0.15
4893, 0.15
4894, 0.15
4895, 0.45
4896, 0.31
4897, 0.55
4898, 0.03
4899, 0.31
4900, 0.17
4901, 0.31
4902, 0.55
4903, 0.31
4904, 0.46
4905, 0.46
4906, 1.00
4907, 0.98
4908, 0.15
4909, 0.55
4910, 0.46
4911, 0.55
4912, 1.00
4913, 0.31
4914, 0.45
4915, 1.00
4916, 0.93
4917, 0.46
4918, 0.46
4919, 0.46
4920, 0.46
4921, 0.45
4922, 0.15
4923, 0.93
4924, 0.46
4925, 0.46
4926, 0.31
4927, 0.95
4928, 0.58
4929, 1.00
4930, 1.00
4931, 0.46
4932, 0.46
4933, 0.02
4934, 0.45
4935, 0.46
4936, 0.47
4937, 0.84
4938, 0.46
4939, 0.30
4940, 0.91
4941, 0.51
4942, 0.25
4943, 0.46
4944, 1.00
4945, 0.46
4946, 0.21
4947, 0.55
4948, 0.15
4949, 0.46
4950, 0.55
4951, 0.46
4952, 0.55
4953, 0.46
4954, 0.15
4955, 0.55
4956, 0.58
4957, 0.47
4958, 0.25
4959, 0.55
4960, 0.25
4961, 1.00
4962, 0.25
4963, 0.46
4964, 0.46
4965, 0.67
4966, 0.46
4967, 0.46
4968, 0.55
4969, 0.72
4970, 0.31
4971, 0.55
4972, 0.46
4973, 0.31
4974, 0.45
4975, 0.46
4976, 0.45
4977, 0.46
4978, 0.31
4979, 0.46
4980, 0.55
4981, 0.31
4982, 0.46
4983, 0.67
4984, 0.55
4985, 0.46
4986, 0.46
4987, 0.55
4988, 1.00
4989, 0.46
4990, 0.15
4991, 0.95
4992, 0.15
4993, 0.67
4994, 0.45
4995, 0.47
4996, 0.31
4997, 0.08
4998, 0.47
4999, 0.46
5000, 1.00
5001, 0.15
5002, 0.46
5003, 0.55
5004, 0.65
5005, 0.25
5006, 0.86
5007, 0.31
5008, 0.31
5009, 0.31
5010, 0.55
5011, 0.15
5012, 0.46
5013, 0.46
5014, 0.98
5015, 0.31
5016, 0.46
5017, 0.55
5018, 0.64
5019, 0.55
5020, 0.95
5021, 0.08
5022, 0.95
5023, 0.98
5024, 0.28
5025, 0.55
5026, 0.55
5027, 0.58
5028, 0.31
5029, 0.03
5030, 0.31
5031, 0.46
5032, 0.55
5033, 0.67
5034, 0.15
5035, 0.46
5036, 0.45
5037, 0.47
5038, 0.55
5039, 0.31
5040, 0.55
5041, 0.46
5042, 0.93
5043, 0.15
5044, 0.55
5045, 0.46
5046, 0.21
5047, 0.55
5048, 0.55
5049, 0.46
5050, 0.46
5051, 0.31
5052, 0.55
5053, 0.93
5054, 0.46
5055, 0.55
5056, 0.31
5057, 0.15
5058, 0.31
5059, 1.00
5060, 1.00
5061, 0.31
5062, 0.55
5063, 0.46
5064, 0.45
5065, 0.15
5066, 0.31
5067, 0.55
5068, 0.97
5069, 0.46
5070, 0.55
5071, 0.55
5072, 0.46
5073, 0.98
5074, 0.31
5075, 0.46
5076, 0.46
5077, 0.55
5078, 1.00
5079, 1.00
5080, 0.55
5081, 0.31
5082, 0.46
5083, 0.67
5084, 0.46
5085, 1.00
5086, 0.46
5087, 0.46
5088, 0.67
5089, 1.00
5090, 0.67
5091, 0.46
5092, 0.55
5093, 0.31
5094, 0.08
5095, 0.46
5096, 0.46
5097, 0.47
5098, 0.46
5099, 0.46
5100, 0.67
5101, 0.55
5102, 0.15
5103, 0.46
5104, 0.46
5105, 0.45
5106, 0.46
5107, 0.55
5108, 0.46
5109, 1.00
5110, 0.15
5111, 0.46
5112, 0.31
5113, 0.15
5114, 0.31
5115, 0.46
5116, 0.46
5117, 1.00
5118, 0.51
5119, 0.55
5120, 0.67
5121, 0.55
5122, 0.46
5123, 0.45
5124, 0.46
5125, 0.99
5126, 0.46
5127, 0.15
5128, 0.46
5129, 0.55
5130, 0.55
5131, 0.08
5132, 0.31
5133, 0.46
5134, 0.46
5135, 0.51
5136, 0.31
5137, 0.58
5138, 0.55
5139, 0.31
5140, 1.00
5141, 0.46
5142, 1.00
5143, 0.47
5144, 0.54
5145, 0.67
5146, 0.58
5147, 0.46
5148, 0.55
5149, 0.47
5150, 0.55
5151, 0.45
5152, 0.15
5153, 0.55
5154, 0.08
5155, 0.55
5156, 0.08
5157, 0.58
5158, 0.46
5159, 0.67
5160, 0.23
5161, 0.51
5162, 0.91
5163, 0.31
5164, 0.55
5165, 0.46
5166, 0.46
5167, 0.31
5168, 0.55
5169, 0.46
5170, 0.58
5171, 0.65
5172, 0.31
5173, 0.46
5174, 0.55
5175, 0.15
5176, 1.00
5177, 0.55
5178, 0.46
5179, 0.25
5180, 0.67
5181, 0.72
5182, 0.23
5183, 0.31
5184, 0.93
5185, 1.00
5186, 0.31
5187, 0.31
5188, 0.15
5189, 0.46
5190, 0.55
5191, 0.46
5192, 0.45
5193, 0.31
5194, 0.55
5195, 0.93
5196, 0.55
5197, 0.15
5198, 0.55
5199, 0.51
5200, 1.00
5201, 0.31
5202, 0.46
5203, 0.46
5204, 0.08
5205, 0.46
5206, 0.55
5207, 1.00
5208, 0.25
5209, 0.55
5210, 0.55
5211, 0.45
5212, 0.46
5213, 0.99
5214, 0.31
5215, 0.47
5216, 0.15
5217, 0.25
5218, 0.23
5219, 0.46
5220, 0.46
5221, 0.15
5222, 0.15
5223, 0.46
5224, 0.46
5225, 0.46
5226, 0.46
5227, 0.15
5228, 0.46
5229, 0.15
5230, 0.31
5231, 0.96
5232, 0.67
5233, 0.67
5234, 0.15
5235, 0.94
5236, 0.45
5237, 0.45
5238, 0.23
5239, 0.55
5240, 0.55
5241, 0.99
5242, 0.15
5243, 0.55
5244, 0.93
5245, 0.15
5246, 1.00
5247, 0.21
5248, 0.46
5249, 0.55
5250, 0.46
5251, 0.45
5252, 0.46
5253, 0.15
5254, 0.15
5255, 0.31
5256, 0.55
5257, 0.15
5258, 0.46
5259, 0.55
5260, 0.55
5261, 1.00
5262, 0.55
5263, 0.84
5264, 0.46
5265, 0.31
5266, 0.25
5267, 1.00
5268, 0.15
5269, 0.55
5270, 0.58
5271, 0.46
5272, 1.00
5273, 0.51
5274, 0.46
5275, 0.46
5276, 0.46
5277, 0.55
5278, 0.46
5279, 0.58
5280, 0.46
5281, 1.00
5282, 0.45
5283, 0.99
5284, 0.21
5285, 0.45
5286, 0.15
5287, 0.55
5288, 0.98
5289, 0.67
5290, 0.46
5291, 1.00
5292, 0.45
5293, 0.31
5294, 0.08
5295, 0.08
5296, 0.08
5297, 0.55
5298, 0.46
5299, 1.00
5300, 0.46
5301, 0.46
5302, 0.91
5303, 0.54
5304, 0.55
5305, 0.46
5306, 0.46
5307, 0.31
5308, 0.17
5309, 0.91
5310, 0.45
5311, 0.31
5312, 0.46
5313, 0.45
5314, 0.96
5315, 0.72
5316, 0.46
5317, 0.08
5318, 0.45
5319, 0.72
5320, 0.98
5321, 0.46
5322, 0.55
5323, 0.46
5324, 0.45
5325, 0.45
5326, 0.46
5327, 0.84
5328, 0.55
5329, 0.15
5330, 0.46
5331, 0.46
5332, 0.08
5333, 0.25
5334, 0.30
5335, 0.46
5336, 0.55
5337, 0.55
5338, 0.46
5339, 0.15
5340, 0.08
5341, 0.55
5342, 0.55
5343, 0.46
5344, 0.51
5345, 0.55
5346, 0.46
5347, 0.55
5348, 0.17
5349, 0.47
5350, 0.46
5351, 0.30
5352, 0.67
5353, 0.46
5354, 0.31
5355, 0.99
5356, 1.00
5357, 0.55
5358, 0.55
5359, 0.31
5360, 0.23
5361, 0.54
5362, 0.55
5363, 0.47
5364, 0.47
5365, 0.55
5366, 0.51
5367, 1.00
5368, 0.46
5369, 0.55
5370, 0.93
5371, 0.46
5372, 0.15
5373, 0.46
5374, 0.31
5375, 0.96
5376, 0.08
5377, 0.97
5378, 0.21
5379, 0.31
5380, 0.51
5381, 0.08
5382, 0.55
5383, 0.25
5384, 0.46
5385, 0.31
5386, 0.46
5387, 0.46
5388, 0.15
5389, 0.46
5390, 0.31
5391, 0.55
5392, 0.46
5393, 0.72
5394, 0.55
5395, 0.46
5396, 0.99
5397, 0.46
5398, 0.55
5399, 0.31
5400, 0.46
5401, 0.08
5402, 0.46
5403, 0.31
5404, 0.31
5405, 0.15
5406, 0.58
5407, 0.08
5408, 0.46
5409, 0.46
5410, 0.31
5411, 0.65
5412, 0.72
5413, 0.46
5414, 0.99
5415, 0.55
5416, 0.55
5417, 0.91
5418, 0.08
5419, 1.00
5420, 0.31
5421, 0.46
5422, 0.46
5423, 0.21
5424, 0.08
5425, 0.55
5426, 0.55
5427, 0.46
5428, 0.46
5429, 0.51
5430, 0.31
5431, 0.55
5432, 0.95
5433, 0.46
5434, 1.00
5435, 0.46
5436, 0.55
5437, 0.55
5438, 0.46
5439, 0.84
5440, 0.65
5441, 0.64
5442, 0.58
5443, 0.46
5444, 0.46
5445, 0.47
5446, 1.00
5447, 0.67
5448, 0.55
5449, 0.55
5450, 0.15
5451, 0.54
5452, 0.46
5453, 0.95
5454, 0.55
5455, 1.00
5456, 0.55
5457, 0.99
5458, 0.67
5459, 0.95
5460, 0.46
5461, 0.46
5462, 0.31
5463, 0.55
5464, 0.55
5465, 0.20
5466, 0.47
5467, 0.31
5468, 0.45
5469, 0.31
5470, 0.46
5471, 0.46
5472, 0.94
5473, 0.51
5474, 0.45
5475, 0.46
5476, 0.46
5477, 0.55
5478, 0.45
5479, 0.93
5480, 0.31
5481, 0.51
5482, 0.31
5483, 0.46
5484, 0.46
5485, 0.15
5486, 0.84
5487, 0.93
5488, 0.15
5489, 0.46
5490, 0.93
5491, 0.46
5492, 1.00
5493, 0.46
5494, 0.67
5495, 0.67
5496, 1.00
5497, 0.46
5498, 0.46
5499, 0.46
5500, 0.93
5501, 0.46
5502, 0.46
5503, 0.58
5504, 0.47
5505, 0.55
5506, 0.55
5507, 0.58
5508, 0.47
5509, 0.46
5510, 0.84
5511, 0.46
5512, 0.46
5513, 0.55
5514, 0.95
5515, 0.46
5516, 0.55
5517, 0.98
5518, 0.08
5519, 0.58
5520, 0.95
5521, 0.02
5522, 0.31
5523, 0.67
5524, 1.00
5525, 0.46
5526, 0.55
5527, 0.47
5528, 0.08
5529, 0.55
5530, 0.08
5531, 0.03
5532, 0.46
5533, 0.55
5534, 0.45
5535, 0.46
5536, 0.55
5537, 0.97
5538, 1.00
5539, 0.58
5540, 0.15
5541, 0.08
5542, 1.00
5543, 0.65
5544, 1.00
5545, 0.08
5546, 0.55
5547, 0.31
5548, 0.46
5549, 0.31
5550, 0.08
5551, 0.46
5552, 0.55
5553, 0.31
5554, 0.98
5555, 0.67
5556, 0.46
5557, 0.31
5558, 0.51
5559, 0.46
5560, 0.55
5561, 0.03
5562, 0.55
5563, 0.55
5564, 0.55
5565, 0.31
5566, 0.08
5567, 0.08
5568, 0.46
5569, 0.46
5570, 0.31
5571, 0.58
5572, 1.00
5573, 1.00
5574, 0.46
5575, 0.46
5576, 0.95
5577, 0.23
5578, 0.67
5579, 0.15
5580, 0.45
5581, 0.55
5582, 0.55
5583, 0.67
5584, 0.45
5585, 0.55
5586, 0.55
5587, 0.08
5588, 0.58
5589, 0.98
5590, 0.55
5591, 0.55
5592, 0.46
5593, 0.31
5594, 1.00
5595, 0.55
5596, 0.46
5597, 0.46
5598, 0.55
5599, 1.00
5600, 0.55
5601, 0.46
5602, 0.55
5603, 0.46
5604, 0.31
5605, 0.99
5606, 0.08
5607, 0.47
5608, 0.15
5609, 0.45
5610, 0.31
5611, 0.67
5612, 0.58
5613, 0.08
5614, 0.55
5615, 0.08
5616, 0.15
5617, 0.23
5618, 0.51
5619, 0.55
5620, 0.46
5621, 1.00
5622, 0.15
5623, 0.25
5624, 0.46
5625, 0.46
5626, 0.31
5627, 0.46
5628, 0.46
5629, 0.65
5630, 0.46
5631, 0.45
5632, 0.51
5633, 1.00
5634, 0.45
5635, 0.99
5636, 0.01
5637, 0.15
5638, 0.46
5639, 0.46
5640, 0.46
5641, 0.31
5642, 0.55
5643, 0.55
5644, 1.00
5645, 0.15
5646, 0.23
5647, 0.15
5648, 0.23
5649, 0.46
5650, 0.55
5651, 0.31
5652, 0.46
5653, 0.08
5654, 0.08
5655, 0.55
5656, 0.46
5657, 0.31
5658, 0.99
5659, 0.46
5660, 0.64
5661, 0.15
5662, 0.93
5663, 0.46
5664, 0.46
5665, 0.31
5666, 0.55
5667, 0.67
5668, 0.45
5669, 0.20
5670, 0.46
5671, 0.45
5672, 0.67
5673, 0.15
5674, 0.46
5675, 0.93
5676, 0.46
5677, 0.46
5678, 0.46
5679, 0.55
5680, 0.15
5681, 0.15
5682, 0.46
5683, 0.46
5684, 1.00
5685, 0.96
5686, 0.46
5687, 0.93
5688, 0.72
5689, 0.47
5690, 0.15
5691, 0.46
5692, 0.46
5693, 0.46
5694, 0.46
5695, 0.15
5696, 0.08
5697, 0.25
5698, 0.46
5699, 0.31
5700, 0.01
5701, 1.00
5702, 0.31
5703, 0.93
5704, 0.95
5705, 1.00
5706, 0.96
5707, 0.08
5708, 0.31
5709, 0.96
5710, 1.00
5711, 0.31
5712, 0.02
5713, 0.46
5714, 0.55
5715, 0.75
5716, 0.58
5717, 0.31
5718, 0.46
5719, 0.08
5720, 0.55
5721, 0.46
5722, 0.31
5723, 0.46
5724, 0.31
5725, 0.46
5726, 0.46
5727, 0.15
5728, 0.46
5729, 0.31
5730, 0.58
5731, 0.46
5732, 0.31
5733, 0.93
5734, 0.55
5735, 0.46
5736, 0.93
5737, 0.45
5738, 0.55
5739, 0.99
5740, 0.15
5741, 0.55
5742, 0.31
5743, 0.55
5744, 0.15
5745, 0.95
5746, 0.67
5747, 0.67
5748, 0.23
5749, 0.99
5750, 0.46
5751, 0.99
5752, 0.55
5753, 0.31
5754, 0.96
5755, 0.55
5756, 0.95
5757, 0.51
5758, 0.55
5759, 0.46
5760, 0.15
5761, 0.45
5762, 0.55
5763, 0.46
5764, 0.65
5765, 0.91
5766, 0.31
5767, 0.31
5768, 0.65
5769, 1.00
5770, 0.67
5771, 0.23
5772, 0.55
5773, 0.55
5774, 0.55
5775, 0.31
5776, 0.02
5777, 0.55
5778, 0.15
5779, 0.55
5780, 0.55
5781, 0.46
5782, 0.28
5783, 0.45
5784, 0.45
5785, 0.46
5786, 0.95
5787, 0.55
5788, 0.84
5789, 0.15
5790, 0.98
5791, 0.15
5792, 0.31
5793, 0.55
5794, 0.15
5795, 0.31
5796, 0.15
5797, 0.46
5798, 0.55
5799, 0.46
5800, 0.08
5801, 0.08
5802, 0.55
5803, 0.15
5804, 0.58
5805, 1.00
5806, 0.46
5807, 0.55
5808, 0.15
5809, 0.46
5810, 0.67
5811, 0.25
5812, 0.31
5813, 0.55
5814, 0.55
5815, 0.08
5816, 0.47
5817, 0.31
5818, 0.93
5819, 0.67
5820, 0.55
5821, 0.67
5822, 0.21
5823, 0.46
5824, 0.97
5825, 0.55
5826, 0.95
5827, 0.55
5828, 0.31
5829, 0.30
5830, 0.46
5831, 0.46
5832, 0.67
5833, 0.58
5834, 0.46
5835, 0.15
5836, 0.08
5837, 0.58
5838, 0.55
5839, 0.98
5840, 0.01
5841, 0.46
5842, 0.55
5843, 0.81
5844, 0.55
5845, 1.00
5846, 0.17
5847, 0.31
5848, 0.51
5849, 0.46
5850, 0.46
5851, 0.46
5852, 0.46
5853, 0.55
5854, 0.15
5855, 0.55
5856, 0.55
5857, 0.21
5858, 0.47
5859, 0.25
5860, 0.46
5861, 0.15
5862, 0.46
5863, 0.96
5864, 0.99
5865, 0.55
5866, 0.55
5867, 1.00
5868, 0.46
5869, 0.47
5870, 0.15
5871, 0.55
5872, 0.21
5873, 0.95
5874, 0.55
5875, 0.31
5876, 0.15
5877, 0.72
5878, 0.58
5879, 0.55
5880, 0.55
5881, 0.23
5882, 0.15
5883, 0.99
5884, 0.90
5885, 0.46
5886, 0.31
5887, 0.47
5888, 0.91
5889, 0.31
5890, 0.98
5891, 0.31
5892, 0.45
5893, 0.55
5894, 0.46
5895, 0.55
5896, 0.67
5897, 0.58
5898, 0.55
5899, 0.31
5900, 0.45
5901, 0.31
5902, 0.55
5903, 0.55
5904, 0.15
5905, 0.21
5906, 0.46
5907, 0.46
5908, 0.45
5909, 0.31
5910, 1.00
5911, 0.15
5912, 0.55
5913, 1.00
5914, 0.31
5915, 0.15
5916, 0.45
5917, 0.46
5918, 0.31
5919, 0.84
5920, 0.55
5921, 0.55
5922, 0.46
5923, 0.99
5924, 0.15
5925, 0.46
5926, 0.55
5927, 0.15
5928, 0.58
5929, 0.46
5930, 0.46
5931, 0.46
5932, 0.21
5933, 1.00
5934, 0.46
5935, 0.15
5936, 0.15
5937, 0.55
5938, 0.55
5939, 0.23
5940, 0.08
5941, 1.00
5942, 0.31
5943, 0.31
5944, 1.00
5945, 1.00
5946, 0.46
5947, 0.46
5948, 0.45
5949, 0.21
5950, 0.15
5951, 0.46
5952, 0.45
5953, 0.08
5954, 0.46
5955, 0.46
5956, 0.47
5957, 0.15
5958, 0.31
5959, 0.31
5960, 0.46
5961, 0.58
5962, 0.46
5963, 0.95
5964, 0.21
5965, 0.55
5966, 0.95
5967, 0.46
5968, 0.28
5969, 0.03
5970, 0.55
5971, 0.46
5972, 0.64
5973, 0.31
5974, 0.46
5975, 0.47
5976, 0.08
5977, 0.08
5978, 0.45
5979, 0.31
5980, 0.55
5981, 0.47
5982, 0.55
5983, 0.51
5984, 0.31
5985, 0.55
5986, 0.55
5987, 0.46
5988, 0.97
5989, 0.55
5990, 1.00
5991, 0.93
5992, 0.97
5993, 0.45
5994, 0.46
5995, 1.00
5996, 0.46
5997, 0.46
5998, 0.51
5999, 0.55
6000, 1.00
6001, 0.46
6002, 1.00
6003, 0.98
6004, 0.46
6005, 0.28
6006, 0.08
6007, 0.55
6008, 0.55
6009, 0.55
6010, 0.51
6011, 0.47
6012, 0.46
6013, 0.46
6014, 0.46
6015, 0.46
6016, 0.46
6017, 0.46
6018, 0.55
6019, 0.46
6020, 0.46
6021, 0.23
6022, 0.15
6023, 0.55
6024, 0.46
6025, 0.55
6026, 0.31
6027, 1.00
6028, 0.55
6029, 0.46
6030, 0.67
6031, 0.46
6032, 1.00
6033, 0.46
6034, 0.46
6035, 0.55
6036, 1.00
6037, 0.46
6038, 0.51
6039, 0.47
6040, 0.46
6041, 0.08
6042, 0.45
6043, 0.55
6044, 0.55
6045, 0.08
6046, 0.84
6047, 1.00
6048, 0.58
6049, 0.31
6050, 0.99
6051, 0.46
6052, 0.55
6053, 0.67
6054, 0.46
6055, 0.30
6056, 0.58
6057, 0.55
6058, 0.99
6059, 0.55
6060, 0.84
6061, 0.55
6062, 0.46
6063, 0.25
6064, 0.55
6065, 0.46
6066, 0.46
6067, 0.46
6068, 0.51
6069, 0.46
6070, 0.46
6071, 0.81
6072, 0.31
6073, 0.99
6074, 0.20
6075, 0.31
6076, 0.31
6077, 0.55
6078, 0.55
6079, 0.15
6080, 0.46
6081, 0.45
6082, 0.30
6083, 0.67
6084, 0.46
6085, 0.31
6086, 0.46
6087, 0.46
6088, 0.55
6089, 0.46
6090, 0.55
6091, 0.84
6092, 0.15
6093, 0.67
6094, 0.46
6095, 0.08
6096, 0.46
6097, 0.46
6098, 0.23
6099, 0.46
6100, 0.67
6101, 0.45
6102, 0.46
6103, 0.93
6104, 0.15
6105, 0.31
6106, 0.91
6107, 0.46
6108, 0.25
6109, 0.46
6110, 0.46
6111, 0.45
6112, 0.15
6113, 0.46
6114, 0.55
6115, 0.58
6116, 0.46
6117, 0.51
6118, 0.45
6119, 0.55
6120, 0.23
6121, 0.81
6122, 0.08
6123, 0.15
6124, 0.45
6125, 0.67
6126, 0.46
6127, 0.47
6128, 0.55
6129, 0.46
6130, 0.31
6131, 1.00
6132, 0.46
6133, 0.55
6134, 0.46
6135, 0.46
6136, 0.46
6137, 0.45
6138, 0.46
6139, 0.95
6140, 0.51
6141, 0.72
6142, 1.00
6143, 0.46
6144, 0.45
6145, 0.46
6146, 0.86
6147, 0.45
6148, 0.55
6149, 0.25
6150, 0.58
6151, 0.55
6152, 0.47
6153, 0.67
6154, 0.93
6155, 0.08
6156, 0.01
6157, 0.67
6158, 0.55
6159, 0.15
6160, 0.25
6161, 0.15
6162, 0.55
6163, 0.46
6164, 0.46
6165, 0.55
6166, 0.55
6167, 0.46
6168, 0.55
6169, 0.45
6170, 0.55
6171, 1.00
6172, 0.55
6173, 0.67
6174, 0.31
6175, 0.67
6176, 0.55
6177, 0.47
6178, 0.15
6179, 0.12
6180, 0.55
6181, 0.15
6182, 1.00
6183, 0.46
6184, 0.46
6185, 0.55
6186, 0.55
6187, 0.55
6188, 0.46
6189, 1.00
6190, 0.51
6191, 0.46
6192, 0.46
6193, 0.95
6194, 0.15
6195, 0.46
6196, 0.55
6197, 0.93
6198, 0.31
6199, 0.55
6200, 0.58
6201, 0.12
6202, 0.31
6203, 0.15
6204, 1.00
6205, 0.31
6206, 0.95
6207, 0.46
6208, 0.46
6209, 0.15
6210, 0.45
6211, 0.45
6212, 0.46
6213, 0.08
6214, 0.91
6215, 0.46
6216, 0.46
6217, 0.46
6218, 0.08
6219, 1.00
6220, 0.47
6221, 0.31
6222, 0.46
6223, 0.99
6224, 0.20
6225, 0.46
6226, 0.67
6227, 0.55
6228, 0.46
6229, 0.99
6230, 0.93
6231, 0.46
6232, 0.15
6233, 0.96
6234, 1.00
6235, 0.46
6236, 0.47
6237, 0.55
6238, 0.55
6239, 0.55
6240, 0.47
6241, 0.46
6242, 0.55
6243, 0.58
6244, 0.67
6245, 0.46
6246, 0.67
6247, 0.31
6248, 0.46
6249, 0.25
6250, 0.93
6251, 0.55
6252, 0.46
6253, 0.47
6254, 0.31
6255, 0.55
6256, 0.46
6257, 0.46
6258, 0.46
6259, 0.47
6260, 0.46
6261, 0.51
6262, 0.46
6263, 0.55
6264, 0.15
6265, 0.08
6266, 1.00
6267, 0.46
6268, 0.21
6269, 0.46
6270, 0.46
6271, 0.46
6272, 0.31
6273, 0.15
6274, 0.31
6275, 0.45
6276, 0.55
6277, 0.91
6278, 0.31
6279, 0.46
6280, 1.00
6281, 0.15
6282, 0.96
6283, 0.08
6284, 0.47
6285, 0.46
6286, 0.46
6287, 0.55
6288, 0.46
6289, 0.31
6290, 1.00
6291, 0.47
6292, 0.45
6293, 0.46
6294, 0.46
6295, 0.21
6296, 0.95
6297, 0.47
6298, 0.15
6299, 0.95
6300, 0.46
6301, 0.46
6302, 0.31
6303, 0.15
6304, 1.00
6305, 0.55
6306, 0.12
6307, 0.55
6308, 0.31
6309, 0.47
6310, 0.46
6311, 0.15
6312, 0.08
6313, 0.55
6314, 0.31
6315, 0.46
6316, 0.99
6317, 0.55
6318, 0.46
6319, 0.31
6320, 0.96
6321, 0.46
6322, 0.55
6323, 0.58
6324, 0.99
6325, 0.31
6326, 0.08
6327, 0.46
6328, 0.08
6329, 0.45
6330, 0.98
6331, 0.47
6332, 0.55
6333, 0.46
6334, 0.91
6335, 0.58
6336, 0.55
6337, 0.55
6338, 0.46
6339, 0.12
6340, 0.15
6341, 0.55
6342, 0.55
6343, 0.46
6344, 0.81
6345, 0.31
6346, 1.00
6347, 0.55
6348, 1.00
6349, 0.46
6350, 0.31
6351, 0.55
6352, 1.00
6353, 0.47
6354, 0.55
6355, 0.51
6356, 0.15
6357, 0.99
6358, 0.46
6359, 0.84
6360, 0.99
6361, 0.08
6362, 0.17
6363, 0.93
6364, 0.47
6365, 0.51
6366, 0.15
6367, 0.31
6368, 0.15
6369, 1.00
6370, 0.46
6371, 0.65
6372, 0.08
6373, 0.55
6374, 0.46
6375, 0.15
6376, 0.64
6377, 0.55
6378, 1.00
6379, 0.55
6380, 0.25
6381, 0.55
6382, 0.47
6383, 0.55
6384, 0.45
6385, 0.46
6386, 0.46
6387, 0.25
6388, 0.31
6389, 0.46
6390, 0.67
6391, 0.46
6392, 0.47
6393, 0.55
6394, 0.67
6395, 0.46
6396, 0.95
6397, 0.01
6398, 0.46
6399, 0.51
6400, 0.31
6401, 0.31
6402, 0.15
6403, 0.47
6404, 0.98
6405, 0.47
6406, 0.45
6407, 0.98
6408, 0.46
6409, 0.55
6410, 0.55
6411, 0.55
6412, 0.46
6413, 0.25
6414, 0.46
6415, 0.67
6416, 0.46
6417, 0.15
6418, 0.15
6419, 0.46
6420, 0.86
6421, 0.97
6422, 0.15
6423, 0.15
6424, 0.31
6425, 0.46
6426, 0.72
6427, 0.55
6428, 0.55
6429, 0.55
6430, 1.00
6431, 0.15
6432, 0.31
6433, 0.31
6434, 0.55
6435, 0.51
6436, 0.08
6437, 0.46
6438, 0.55
6439, 0.31
6440, 0.46
6441, 0.45
6442, 0.46
6443, 0.46
6444, 0.23
6445, 0.96
6446, 0.46
6447, 0.45
6448, 0.72
6449, 0.55
6450, 0.15
6451, 0.46
6452, 0.46
6453, 0.55
6454, 0.47
6455, 0.46
6456, 0.99
6457, 0.31
6458, 0.31
6459, 0.55
6460, 0.15
6461, 0.51
6462, 0.25
6463, 0.31
6464, 0.55
6465, 0.31
6466, 0.46
6467, 0.98
6468, 1.00
6469, 0.67
6470, 0.46
6471, 0.67
6472, 0.55
6473, 0.23
6474, 0.46
6475, 0.55
6476, 1.00
6477, 0.55
6478, 0.15
6479, 0.45
6480, 0.46
6481, 0.46
6482, 0.47
6483, 0.31
6484, 0.96
6485, 0.46
6486, 0.15
6487, 0.31
6488, 0.95
6489, 0.15
6490, 0.55
6491, 0.45
6492, 0.08
6493, 0.67
6494, 0.47
6495, 0.46
6496, 0.67
6497, 0.55
6498, 0.08
6499, 0.46
6500, 0.46
6501, 0.58
6502, 0.45
6503, 0.46
6504, 0.15
6505, 0.46
6506, 0.46
6507, 0.20
6508, 0.46
6509, 0.98
6510, 0.46
6511, 0.72
6512, 1.00
6513, 0.31
6514, 0.47
6515, 0.25
6516, 0.51
6517, 0.46
6518, 0.47
6519, 0.12
6520, 0.08
6521, 0.55
6522, 0.58
6523, 0.25
6524, 0.58
6525, 0.31
6526, 0.55
6527, 0.67
6528, 0.81
6529, 0.55
6530, 1.00
6531, 0.55
6532, 0.15
6533, 0.45
6534, 0.84
6535, 0.15
6536, 1.00
6537, 0.45
6538, 0.47
6539, 0.84
6540, 0.46
6541, 0.55
6542, 0.25
6543, 0.93
6544, 0.46
6545, 0.98
6546, 0.47
6547, 0.47
6548, 0.47
6549, 0.72
6550, 0.47
6551, 0.55
6552, 0.08
6553, 0.84
6554, 0.31
6555, 0.47
6556, 0.31
6557, 0.55
6558, 0.67
6559, 0.55
6560, 0.03
6561, 0.55
6562, 0.46
6563, 0.46
6564, 0.25
6565, 0.28
6566, 0.15
6567, 0.95
6568, 0.46
6569, 0.01
6570, 0.46
6571, 0.21
6572, 0.46
6573, 0.46
6574, 1.00
6575, 0.46
6576, 0.15
6577, 0.51
6578, 0.84
6579, 0.31
6580, 0.45
6581, 0.25
6582, 0.55
6583, 0.67
6584, 0.46
6585, 0.47
6586, 0.47
6587, 0.15
6588, 0.31
6589, 0.01
6590, 0.46
6591, 0.47
6592, 0.99
6593, 0.23
6594, 0.46
6595, 0.84
6596, 0.55
6597, 0.45
6598, 0.46
6599, 0.46
6600, 0.46
6601, 0.46
6602, 0.75
6603, 0.51
6604, 0.55
6605, 0.15
6606, 0.30
6607, 0.45
6608, 0.46
6609, 0.46
6610, 0.25
6611, 0.08
6612, 0.15
6613, 0.55
6614, 0.55
6615, 0.55
6616, 0.08
6617, 0.99
6618, 0.25
6619, 0.72
6620, 0.45
6621, 0.08
6622, 0.46
6623, 0.55
6624, 0.55
6625, 0.45
6626, 0.55
6627, 0.31
6628, 0.46
6629, 0.84
6630, 1.00
6631, 0.55
6632, 0.55
6633, 0.84
6634, 0.55
6635, 1.00
6636, 0.31
6637, 0.98
6638, 0.31
6639, 1.00
6640, 0.46
6641, 0.99
6642, 0.55
6643, 0.15
6644, 0.20
6645, 0.46
6646, 0.15
6647, 0.46
6648, 0.15
6649, 0.08
6650, 0.23
6651, 0.84
6652, 0.55
6653, 0.55
6654, 0.55
6655, 0.46
6656, 0.45
6657, 0.46
6658, 0.55
6659, 0.55
6660, 0.90
6661, 0.46
6662, 0.45
6663, 0.46
6664, 0.46
6665, 0.55
6666, 0.55
6667, 0.46
6668, 0.67
6669, 0.46
6670, 0.55
6671, 0.99
6672, 0.46
6673, 0.08
6674, 0.86
6675, 0.23
6676, 0.67
6677, 0.46
6678, 0.67
6679, 0.46
6680, 0.08
6681, 0.86
6682, 0.75
6683, 0.46
6684, 0.95
6685, 0.47
6686, 0.46
6687, 0.12
6688, 0.67
6689, 1.00
6690, 0.55
6691, 0.46
6692, 0.98
6693, 0.46
6694, 0.31
6695, 0.08
6696, 0.95
6697, 0.47
6698, 0.46
6699, 0.46
6700, 0.90
6701, 0.58
6702, 0.15
6703, 0.08
6704, 0.55
6705, 0.91
6706, 0.55
6707, 0.55
6708, 0.55
6709, 0.46
6710, 0.08
6711, 0.67
6712, 0.55
6713, 0.55
6714, 0.08
6715, 0.55
6716, 0.31
6717, 0.31
6718, 0.55
6719, 0.46
6720, 0.23
6721, 0.55
6722, 0.55
6723, 1.00
6724, 0.45
6725, 0.25
6726, 0.46
6727, 0.55
6728, 0.15
6729, 1.00
6730, 0.46
6731, 0.46
6732, 1.00
6733, 0.46
6734, 0.46
6735, 0.12
6736, 0.46
6737, 0.46
6738, 0.45
6739, 0.45
6740, 0.51
6741, 0.46
6742, 0.23
6743, 0.08
6744, 0.99
6745, 0.99
6746, 0.58
6747, 0.25
6748, 0.46
6749, 0.99
6750, 0.46
6751, 0.15
6752, 0.58
6753, 0.51
6754, 0.25
6755, 0.15
6756, 0.55
6757, 0.67
6758, 0.46
6759, 0.31
6760, 0.55
6761, 0.15
6762, 0.08
6763, 0.75
6764, 0.58
6765, 0.15
6766, 0.46
6767, 0.51
6768, 0.46
6769, 0.55
6770, 0.95
6771, 0.46
6772, 0.91
6773, 0.15
6774, 0.86
6775, 0.67
6776, 0.55
6777, 0.67
6778, 0.45
6779, 0.45
6780, 0.55
6781, 1.00
6782, 0.31
6783, 0.47
6784, 0.98
6785, 0.46
6786, 0.31
6787, 0.55
6788, 0.46
6789, 1.00
6790, 0.25
6791, 0.51
6792, 1.00
6793, 0.46
6794, 0.46
6795, 0.98
6796, 0.99
6797, 0.46
6798, 0.93
6799, 0.15
6800, 0.95
6801, 0.72
6802, 0.55
6803, 0.55
6804, 0.15
6805, 0.99
6806, 0.55
6807, 0.55
6808, 0.15
6809, 0.08
6810, 0.01
6811, 0.58
6812, 0.45
6813, 0.45
6814, 0.31
6815, 0.46
6816, 0.21
6817, 0.46
6818, 0.45
6819, 0.58
6820, 0.96
6821, 0.98
6822, 0.46
6823, 0.46
6824, 0.31
6825, 0.95
6826, 0.98
6827, 0.15
6828, 0.25
6829, 0.46
6830, 0.23
6831, 0.93
6832, 0.15
6833, 0.95
6834, 0.46
6835, 0.31
6836, 0.46
6837, 0.15
6838, 0.46
6839, 0.55
6840, 0.08
6841, 0.46
6842, 0.46
6843, 0.86
6844, 0.31
6845, 0.31
6846, 0.46
6847, 0.93
6848, 0.46
6849, 0.46
6850, 0.46
6851, 0.03
6852, 0.55
6853, 0.45
6854, 0.67
6855, 0.67
6856, 0.67
6857, 0.45
6858, 0.47
6859, 0.55
6860, 0.45
6861, 0.93
6862, 0.93
6863, 0.58
6864, 0.46
6865, 0.15
6866, 0.67
6867, 0.84
6868, 0.55
6869, 0.55
6870, 0.55
6871, 0.46
6872, 0.51
6873, 0.95
6874, 0.55
6875, 0.55
6876, 0.55
6877, 0.46
6878, 0.08
6879, 0.46
6880, 0.46
6881, 0.46
6882, 0.58
6883, 0.55
6884, 0.55
6885, 0.46
6886, 0.31
6887, 0.46
6888, 0.51
6889, 0.15
6890, 0.97
6891, 0.55
6892, 1.00
6893, 0.55
6894, 1.00
6895, 1.00
6896, 0.65
6897, 0.06
6898, 0.55
6899, 0.47
6900, 1.00
6901, 0.55
6902, 0.55
6903, 0.15
6904, 0.47
6905, 0.12
6906, 0.15
6907, 0.46
6908, 0.55
6909, 0.23
6910, 0.46
6911, 0.99
6912, 0.47
6913, 0.46
6914, 0.46
6915, 0.23
6916, 0.47
6917, 0.46
6918, 0.46
6919, 0.46
6920, 0.55
6921, 0.46
6922, 0.58
6923, 0.08
6924, 0.65
6925, 0.58
6926, 0.55
6927, 0.31
6928, 0.55
6929, 0.31
6930, 0.31
6931, 0.95
6932, 1.00
6933, 0.46
6934, 0.31
6935, 0.55
6936, 1.00
6937, 0.55
6938, 0.55
6939, 0.15
6940, 1.00
6941, 0.46
6942, 0.31
6943, 0.31
6944, 0.46
6945, 0.55
6946, 0.45
6947, 0.91
6948, 0.08
6949, 0.93
6950, 0.46
6951, 0.98
6952, 0.75
6953, 0.46
6954, 0.46
6955, 0.45
6956, 0.15
6957, 0.31
6958, 0.15
6959, 0.46
6960, 0.15
6961, 1.00
6962, 0.15
6963, 0.46
6964, 0.46
6965, 0.93
6966, 0.91
6967, 0.55
6968, 0.46
6969, 0.21
6970, 0.15
6971, 0.31
6972, 0.55
6973, 0.55
6974, 0.67
6975, 0.21
6976, 0.47
6977, 0.08
6978, 0.46
6979, 0.31
6980, 0.55
6981, 0.08
6982, 0.46
6983, 0.98
6984, 0.31
6985, 0.15
6986, 0.55
6987, 0.55
6988, 0.45
6989, 0.58
6990, 0.55
6991, 0.46
6992, 0.31
6993, 0.58
6994, 0.55
6995, 0.95
6996, 0.55
6997, 1.00
6998, 0.55
6999, 0.46
7000, 0.46
7001, 0.97
7002, 0.55
7003, 0.84
7004, 1.00
7005, 0.84
7006, 0.46
7007, 0.31
7008, 0.47
7009, 0.46
7010, 0.90
7011, 0.45
7012, 0.15
7013, 0.50
7014, 0.55
7015, 0.55
7016, 0.46
7017, 0.45
7018, 0.15
7019, 0.46
7020, 0.51
7021, 0.46
7022, 0.08
7023, 0.84
7024, 0.46
7025, 0.31
7026, 0.55
7027, 0.15
7028, 0.46
7029, 0.46
7030, 0.45
7031, 0.96
7032, 0.46
7033, 0.15
7034, 0.97
7035, 0.95
7036, 0.91
7037, 0.08
7038, 0.20
7039, 0.67
7040, 0.46
7041, 0.47
7042, 0.31
7043, 0.46
7044, 0.31
7045, 0.46
7046, 0.46
7047, 0.46
7048, 0.55
7049, 0.67
7050, 0.51
7051, 0.46
7052, 0.45
7053, 0.46
7054, 0.51
7055, 0.46
7056, 0.46
7057, 0.31
7058, 0.46
7059, 0.15
7060, 0.45
7061, 0.15
7062, 0.55
7063, 0.46
7064, 0.31
7065, 1.00
7066, 0.46
7067, 0.46
7068, 0.45
7069, 0.46
7070, 0.46
7071, 0.55
7072, 0.72
7073, 0.15
7074, 0.31
7075, 0.15
7076, 0.46
7077, 0.15
7078, 0.55
7079, 1.00
7080, 0.99
7081, 0.55
7082, 0.08
7083, 0.31
7084, 0.31
7085, 0.46
7086, 0.20
7087, 1.00
7088, 0.46
7089, 0.55
7090, 0.31
7091, 0.67
7092, 0.46
7093, 0.46
7094, 0.15
7095, 0.46
7096, 0.46
7097, 0.58
7098, 0.46
7099, 0.58
7100, 0.55
7101, 0.31
7102, 0.67
7103, 0.46
7104, 0.58
7105, 0.55
7106, 0.99
7107, 0.46
7108, 0.46
7109, 0.55
7110, 0.08
7111, 0.46
7112, 0.31
7113, 0.55
7114, 0.46
7115, 0.55
7116, 0.46
7117, 0.08
7118, 0.67
7119, 0.58
7120, 0.55
7121, 0.46
7122, 0.31
7123, 0.72
7124, 0.55
7125, 0.46
7126, 0.46
7127, 0.46
7128, 0.31
7129, 0.45
7130, 0.99
7131, 0.28
7132, 0.20
7133, 0.01
7134, 0.08
7135, 0.55
7136, 0.55
7137, 0.15
7138, 0.55
7139, 0.51
7140, 0.15
7141, 0.46
7142, 0.08
7143, 0.31
7144, 0.31
7145, 0.90
7146, 0.55
7147, 0.55
7148, 0.55
7149, 0.72
7150, 0.55
7151, 0.51
7152, 0.23
7153, 0.55
7154, 0.55
7155, 0.99
7156, 0.46
7157, 0.97
7158, 0.55
7159, 0.55
7160, 0.45
7161, 0.01
7162, 0.15
7163, 0.46
7164, 0.96
7165, 0.58
7166, 1.00
7167, 0.46
7168, 0.25
7169, 0.46
7170, 0.91
7171, 0.15
7172, 0.46
7173, 0.25
7174, 0.46
7175, 0.51
7176, 0.97
7177, 0.46
7178, 0.58
7179, 0.93
7180, 0.72
7181, 0.98
7182, 0.25
7183, 0.93
7184, 1.00
7185, 0.55
7186, 0.15
7187, 0.31
7188, 0.46
7189, 0.15
7190, 0.55
7191, 0.55
7192, 0.72
7193, 0.47
7194, 0.46
7195, 0.67
7196, 0.51
7197, 0.23
7198, 0.46
7199, 0.15
7200, 1.00
7201, 0.46
7202, 0.46
7203, 0.47
7204, 0.15
7205, 0.46
7206, 0.46
7207, 0.46
7208, 0.96
7209, 0.46
7210, 0.46
7211, 0.46
7212, 0.31
7213, 0.67
7214, 0.55
7215, 0.15
7216, 1.00
7217, 1.00
7218, 0.58
7219, 0.75
7220, 0.95
7221, 0.55
7222, 0.06
7223, 0.31
7224, 0.46
7225, 1.00
7226, 0.31
7227, 0.55
7228, 0.46
7229, 0.25
7230, 0.25
7231, 0.97
7232, 0.47
7233, 0.46
7234, 0.46
7235, 0.15
7236, 0.55
7237, 0.46
7238, 0.45
7239, 0.55
7240, 0.45
7241, 0.45
7242, 0.46
7243, 0.51
7244, 0.55
7245, 0.31
7246, 0.08
7247, 0.31
7248, 0.25
7249, 0.46
7250, 0.45
7251, 0.55
7252, 0.67
7253, 0.67
7254, 0.45
7255, 1.00
7256, 0.46
7257, 0.31
7258, 0.95
7259, 0.46
7260, 0.46
7261, 0.46
7262, 0.17
7263, 0.46
7264, 0.45
7265, 0.46
7266, 0.46
7267, 1.00
7268, 0.55
7269, 0.97
7270, 0.31
7271, 0.46
7272, 0.47
7273, 0.55
7274, 0.95
7275, 0.93
7276, 0.47
7277, 0.55
7278, 0.55
7279, 0.46
7280, 0.31
7281, 0.31
7282, 0.31
7283, 0.31
7284, 0.46
7285, 0.97
7286, 0.46
7287, 0.21
7288, 0.55
7289, 0.46
7290, 0.46
7291, 0.55
7292, 0.45
7293, 0.67
7294, 0.31
7295, 0.08
7296, 0.99
7297, 0.96
7298, 1.00
7299, 0.96
7300, 0.46
7301, 0.31
7302, 0.45
7303, 0.55
7304, 0.15
7305, 0.98
7306, 0.55
7307, 0.46
7308, 0.15
7309, 0.31
7310, 0.54
7311, 0.45
7312, 0.58
7313, 0.46
7314, 0.55
7315, 0.46
7316, 0.46
7317, 0.55
7318, 0.46
7319, 0.46
7320, 0.31
7321, 0.45
7322, 0.95
7323, 0.25
7324, 1.00
7325, 0.55
7326, 0.46
7327, 0.46
7328, 0.67
7329, 0.46
7330, 0.46
7331, 0.55
7332, 0.31
7333, 0.45
7334, 0.58
7335, 0.46
7336, 0.47
7337, 0.46
7338, 0.46
7339, 0.55
7340, 0.31
7341, 0.46
7342, 0.95
7343, 0.12
7344, 0.31
7345, 0.15
7346, 0.55
7347, 1.00
7348, 0.31
7349, 1.00
7350, 0.25
7351, 0.96
7352, 0.46
7353, 0.46
7354, 1.00
7355, 0.93
7356, 0.47
7357, 0.47
7358, 0.03
7359, 0.46
7360, 0.55
7361, 0.67
7362, 1.00
7363, 0.45
7364, 0.67
7365, 0.55
7366, 0.45
7367, 1.00
7368, 0.46
7369, 0.21
7370, 0.46
7371, 0.46
7372, 0.25
7373, 0.93
7374, 0.46
7375, 0.51
7376, 1.00
7377, 0.15
7378, 0.55
7379, 0.46
7380, 0.55
7381, 0.46
7382, 0.31
7383, 0.98
7384, 0.21
7385, 0.08
7386, 0.46
7387, 0.58
7388, 0.46
7389, 0.99
7390, 0.55
7391, 0.55
7392, 0.31
7393, 0.45
7394, 0.90
7395, 0.46
7396, 0.55
7397, 0.55
7398, 0.25
7399, 0.31
7400, 0.46
7401, 1.00
7402, 0.51
7403, 0.55
7404, 0.46
7405, 0.55
7406, 0.15
7407, 0.55
7408, 0.46
7409, 0.15
7410, 0.46
7411, 0.08
7412, 0.55
7413, 0.08
7414, 0.72
7415, 0.51
7416, 0.15
7417, 0.93
7418, 0.15
7419, 0.46
7420, 1.00
7421, 0.47
