# Id,Predicted
0, 0.20
1, 0.34
2, 0.61
3, 0.22
4, 0.97
5, 0.25
6, 0.52
7, 0.50
8, 0.42
9, 0.57
10, 0.40
11, 0.71
12, 0.64
13, 0.54
14, 0.83
15, 0.97
16, 0.80
17, 0.59
18, 0.54
19, 0.21
20, 0.46
21, 0.84
22, 0.55
23, 0.48
24, 0.48
25, 0.52
26, 0.49
27, 0.52
28, 0.60
29, 0.34
30, 0.46
31, 0.30
32, 0.59
33, 0.24
34, 0.78
35, 0.35
36, 0.42
37, 0.39
38, 0.40
39, 0.93
40, 0.48
41, 0.36
42, 0.49
43, 0.47
44, 0.83
45, 0.49
46, 0.67
47, 0.15
48, 0.42
49, 0.47
50, 0.19
51, 0.18
52, 0.06
53, 0.36
54, 0.25
55, 0.43
56, 0.44
57, 0.34
58, 0.16
59, 0.41
60, 0.61
61, 0.39
62, 0.12
63, 0.93
64, 0.86
65, 0.58
66, 0.82
67, 0.33
68, 0.07
69, 0.44
70, 0.66
71, 0.99
72, 0.80
73, 0.41
74, 0.09
75, 0.59
76, 0.48
77, 0.49
78, 0.46
79, 0.24
80, 0.48
81, 0.60
82, 0.41
83, 0.91
84, 0.70
85, 0.79
86, 0.61
87, 0.45
88, 0.62
89, 0.99
90, 0.53
91, 0.94
92, 0.57
93, 0.53
94, 0.95
95, 0.31
96, 0.16
97, 0.37
98, 0.92
99, 0.27
100, 0.62
101, 0.50
102, 0.07
103, 0.74
104, 0.54
105, 0.41
106, 0.33
107, 0.31
108, 0.45
109, 0.70
110, 0.22
111, 0.55
112, 0.21
113, 0.72
114, 0.51
115, 0.42
116, 0.60
117, 0.55
118, 0.28
119, 0.55
120, 0.20
121, 0.77
122, 0.53
123, 0.34
124, 0.45
125, 0.03
126, 0.66
127, 0.71
128, 0.45
129, 0.47
130, 0.05
131, 0.93
132, 0.24
133, 0.45
134, 0.44
135, 0.52
136, 0.30
137, 0.24
138, 0.60
139, 0.71
140, 0.36
141, 0.40
142, 0.40
143, 0.99
144, 0.96
145, 0.50
146, 0.41
147, 0.39
148, 0.60
149, 0.16
150, 0.30
151, 0.98
152, 0.24
153, 0.38
154, 0.60
155, 0.57
156, 0.37
157, 0.68
158, 0.53
159, 0.35
160, 0.47
161, 0.56
162, 0.78
163, 0.20
164, 0.57
165, 0.76
166, 0.38
167, 0.43
168, 0.97
169, 0.49
170, 0.34
171, 0.47
172, 0.62
173, 0.47
174, 0.32
175, 0.69
176, 0.35
177, 0.05
178, 0.64
179, 0.44
180, 0.36
181, 0.50
182, 0.92
183, 0.41
184, 0.27
185, 0.69
186, 0.59
187, 0.44
188, 0.61
189, 0.49
190, 0.64
191, 0.49
192, 0.53
193, 0.37
194, 0.37
195, 0.10
196, 0.58
197, 0.48
198, 0.04
199, 0.05
200, 0.36
201, 0.42
202, 0.49
203, 0.40
204, 0.79
205, 0.26
206, 0.12
207, 0.48
208, 0.97
209, 0.55
210, 0.39
211, 0.56
212, 0.38
213, 0.46
214, 0.56
215, 0.46
216, 0.63
217, 0.57
218, 0.43
219, 0.08
220, 0.12
221, 0.40
222, 0.05
223, 0.18
224, 0.35
225, 0.52
226, 0.34
227, 0.83
228, 0.55
229, 0.38
230, 0.09
231, 0.23
232, 0.44
233, 0.45
234, 0.24
235, 0.18
236, 0.42
237, 0.29
238, 0.53
239, 0.28
240, 0.48
241, 0.59
242, 0.24
243, 0.17
244, 0.52
245, 0.38
246, 0.66
247, 0.76
248, 0.42
249, 0.13
250, 0.99
251, 0.32
252, 0.44
253, 0.17
254, 0.45
255, 0.62
256, 0.56
257, 0.43
258, 0.57
259, 0.38
260, 0.07
261, 0.17
262, 0.06
263, 0.96
264, 0.45
265, 0.74
266, 0.33
267, 0.65
268, 0.45
269, 0.68
270, 0.59
271, 0.41
272, 0.58
273, 0.53
274, 0.57
275, 0.60
276, 0.45
277, 0.12
278, 0.63
279, 0.28
280, 0.98
281, 0.67
282, 0.98
283, 0.32
284, 0.68
285, 0.52
286, 0.31
287, 0.57
288, 0.94
289, 0.38
290, 0.36
291, 0.33
292, 0.60
293, 0.48
294, 0.22
295, 0.60
296, 0.13
297, 0.30
298, 0.35
299, 0.45
300, 0.46
301, 0.62
302, 0.40
303, 0.34
304, 0.46
305, 0.56
306, 0.41
307, 0.55
308, 0.48
309, 0.55
310, 0.52
311, 0.28
312, 1.00
313, 0.34
314, 0.55
315, 0.36
316, 0.58
317, 0.55
318, 0.65
319, 0.25
320, 0.32
321, 0.91
322, 0.08
323, 0.06
324, 0.82
325, 0.95
326, 0.50
327, 0.32
328, 0.24
329, 0.55
330, 0.20
331, 0.65
332, 0.14
333, 0.14
334, 1.00
335, 0.45
336, 0.22
337, 0.58
338, 0.41
339, 0.59
340, 0.48
341, 0.35
342, 0.31
343, 0.14
344, 0.95
345, 0.67
346, 0.31
347, 0.41
348, 0.39
349, 0.63
350, 0.90
351, 0.30
352, 0.59
353, 0.71
354, 0.54
355, 0.54
356, 0.48
357, 0.22
358, 0.41
359, 0.38
360, 0.51
361, 0.46
362, 0.48
363, 0.66
364, 0.49
365, 0.55
366, 0.60
367, 0.85
368, 0.53
369, 0.37
370, 0.23
371, 0.87
372, 0.44
373, 0.54
374, 0.76
375, 0.63
376, 0.48
377, 0.46
378, 0.43
379, 0.35
380, 0.62
381, 0.23
382, 0.09
383, 0.47
384, 0.52
385, 0.20
386, 0.20
387, 0.42
388, 0.61
389, 0.26
390, 0.92
391, 0.37
392, 0.61
393, 0.38
394, 0.46
395, 0.49
396, 0.69
397, 0.17
398, 0.53
399, 0.76
400, 0.59
401, 0.55
402, 0.62
403, 0.50
404, 0.24
405, 0.66
406, 0.22
407, 0.54
408, 0.47
409, 0.39
410, 0.26
411, 0.57
412, 0.52
413, 0.70
414, 0.13
415, 0.39
416, 0.41
417, 0.81
418, 0.42
419, 0.62
420, 0.65
421, 0.58
422, 0.44
423, 0.51
424, 0.99
425, 0.62
426, 0.54
427, 0.70
428, 0.92
429, 0.04
430, 0.44
431, 0.46
432, 0.54
433, 0.03
434, 0.90
435, 0.53
436, 0.41
437, 0.31
438, 0.57
439, 0.08
440, 0.95
441, 0.55
442, 0.28
443, 0.30
444, 0.50
445, 0.49
446, 0.69
447, 0.11
448, 0.46
449, 0.87
450, 0.44
451, 0.19
452, 0.71
453, 0.51
454, 0.42
455, 0.33
456, 0.26
457, 0.43
458, 0.59
459, 0.40
460, 0.80
461, 0.50
462, 0.53
463, 0.82
464, 0.87
465, 0.82
466, 0.50
467, 0.58
468, 0.92
469, 0.38
470, 0.53
471, 0.44
472, 0.44
473, 0.80
474, 0.75
475, 0.92
476, 1.00
477, 0.59
478, 0.08
479, 0.29
480, 0.34
481, 0.92
482, 0.99
483, 0.57
484, 0.16
485, 0.62
486, 0.33
487, 0.95
488, 0.44
489, 0.38
490, 0.27
491, 0.11
492, 0.41
493, 0.51
494, 0.31
495, 0.29
496, 0.16
497, 0.63
498, 0.73
499, 0.82
500, 0.89
501, 0.41
502, 0.17
503, 0.56
504, 0.64
505, 0.98
506, 0.47
507, 0.98
508, 0.50
509, 0.49
510, 0.74
511, 0.40
512, 0.53
513, 0.34
514, 0.47
515, 0.56
516, 0.23
517, 0.72
518, 0.46
519, 0.36
520, 0.06
521, 0.49
522, 0.33
523, 0.44
524, 0.47
525, 0.65
526, 0.28
527, 0.65
528, 0.55
529, 0.60
530, 0.49
531, 0.45
532, 0.39
533, 0.39
534, 0.30
535, 0.45
536, 0.49
537, 0.65
538, 0.56
539, 0.22
540, 0.98
541, 0.55
542, 0.64
543, 0.96
544, 0.45
545, 0.53
546, 0.96
547, 0.41
548, 0.42
549, 0.44
550, 0.45
551, 0.40
552, 0.95
553, 0.11
554, 0.66
555, 0.34
556, 0.17
557, 0.95
558, 0.58
559, 0.64
560, 0.46
561, 0.35
562, 0.63
563, 0.95
564, 0.41
565, 0.94
566, 0.47
567, 0.79
568, 0.39
569, 0.95
570, 0.56
571, 0.54
572, 0.60
573, 0.06
574, 0.35
575, 0.66
576, 0.72
577, 0.78
578, 0.57
579, 0.58
580, 0.52
581, 0.64
582, 0.41
583, 0.39
584, 0.33
585, 0.50
586, 0.28
587, 0.51
588, 0.14
589, 0.19
590, 0.48
591, 0.54
592, 0.61
593, 0.96
594, 0.24
595, 0.92
596, 0.44
597, 0.54
598, 0.60
599, 0.55
600, 0.52
601, 1.00
602, 0.75
603, 0.51
604, 0.73
605, 0.26
606, 0.32
607, 0.10
608, 0.96
609, 0.41
610, 0.61
611, 0.50
612, 0.40
613, 0.28
614, 0.65
615, 0.33
616, 0.34
617, 0.59
618, 0.36
619, 0.16
620, 0.63
621, 0.49
622, 0.38
623, 0.50
624, 0.32
625, 0.46
626, 0.23
627, 0.97
628, 0.44
629, 0.66
630, 0.55
631, 0.14
632, 0.10
633, 0.41
634, 0.65
635, 0.56
636, 0.97
637, 0.57
638, 0.27
639, 0.47
640, 0.35
641, 0.40
642, 0.58
643, 0.71
644, 0.66
645, 0.46
646, 0.32
647, 0.42
648, 0.99
649, 0.46
650, 0.37
651, 0.53
652, 0.64
653, 0.64
654, 0.77
655, 0.36
656, 0.47
657, 0.47
658, 0.08
659, 0.56
660, 0.97
661, 0.46
662, 0.38
663, 0.54
664, 0.42
665, 0.55
666, 0.39
667, 0.89
668, 0.51
669, 0.95
670, 0.53
671, 0.41
672, 0.95
673, 0.68
674, 0.60
675, 0.96
676, 0.12
677, 0.10
678, 0.12
679, 0.38
680, 0.99
681, 0.90
682, 0.56
683, 0.30
684, 0.61
685, 0.37
686, 0.45
687, 0.40
688, 0.39
689, 0.39
690, 0.62
691, 0.70
692, 0.64
693, 0.36
694, 0.66
695, 0.41
696, 0.60
697, 0.48
698, 0.35
699, 0.36
700, 0.38
701, 0.34
702, 0.33
703, 0.57
704, 0.41
705, 0.41
706, 0.31
707, 0.09
708, 0.34
709, 0.28
710, 0.93
711, 0.42
712, 0.43
713, 0.18
714, 0.45
715, 0.24
716, 0.15
717, 0.40
718, 0.41
719, 0.49
720, 0.02
721, 0.68
722, 0.21
723, 0.42
724, 0.21
725, 0.39
726, 0.54
727, 0.47
728, 0.51
729, 0.31
730, 0.50
731, 0.37
732, 0.33
733, 0.96
734, 0.36
735, 0.42
736, 0.56
737, 0.23
738, 0.62
739, 0.25
740, 0.46
741, 0.02
742, 0.42
743, 0.35
744, 0.82
745, 0.42
746, 0.34
747, 0.49
748, 0.13
749, 0.63
750, 0.52
751, 0.32
752, 0.66
753, 0.69
754, 0.53
755, 0.34
756, 0.50
757, 0.79
758, 0.18
759, 0.46
760, 0.04
761, 0.63
762, 0.36
763, 0.19
764, 0.30
765, 0.25
766, 0.72
767, 0.48
768, 0.23
769, 0.44
770, 0.69
771, 0.67
772, 0.51
773, 0.57
774, 0.41
775, 0.64
776, 0.70
777, 0.47
778, 0.65
779, 0.37
780, 0.49
781, 0.52
782, 0.64
783, 0.40
784, 0.41
785, 0.41
786, 0.38
787, 0.36
788, 0.87
789, 0.26
790, 0.39
791, 0.28
792, 0.40
793, 0.37
794, 0.32
795, 0.32
796, 0.09
797, 0.57
798, 0.76
799, 0.99
800, 0.43
801, 0.67
802, 0.57
803, 0.96
804, 0.29
805, 0.41
806, 0.37
807, 0.44
808, 0.24
809, 0.17
810, 0.53
811, 0.52
812, 0.86
813, 0.06
814, 0.35
815, 0.29
816, 0.74
817, 0.56
818, 0.29
819, 0.45
820, 0.32
821, 0.12
822, 0.96
823, 0.56
824, 0.21
825, 0.30
826, 0.52
827, 0.64
828, 0.93
829, 0.49
830, 0.16
831, 0.74
832, 0.36
833, 0.47
834, 0.51
835, 0.47
836, 0.78
837, 0.35
838, 0.66
839, 0.36
840, 0.08
841, 0.48
842, 0.23
843, 0.73
844, 0.46
845, 0.28
846, 0.62
847, 0.08
848, 0.50
849, 0.54
850, 0.25
851, 0.46
852, 0.18
853, 0.59
854, 0.57
855, 0.95
856, 0.52
857, 0.41
858, 0.39
859, 0.63
860, 0.68
861, 0.19
862, 0.65
863, 0.49
864, 0.60
865, 0.39
866, 0.36
867, 0.26
868, 0.37
869, 0.51
870, 0.11
871, 0.68
872, 0.98
873, 1.00
874, 0.21
875, 0.12
876, 0.49
877, 0.47
878, 0.50
879, 0.59
880, 0.61
881, 0.43
882, 0.36
883, 0.72
884, 0.42
885, 0.42
886, 0.81
887, 0.43
888, 0.60
889, 0.37
890, 0.92
891, 0.47
892, 0.66
893, 0.42
894, 0.98
895, 0.65
896, 0.54
897, 0.45
898, 0.30
899, 0.09
900, 0.49
901, 0.59
902, 0.65
903, 0.51
904, 0.96
905, 0.97
906, 0.47
907, 0.60
908, 0.22
909, 0.37
910, 0.93
911, 0.55
912, 0.19
913, 0.37
914, 0.22
915, 0.37
916, 0.43
917, 1.00
918, 0.50
919, 0.52
920, 0.36
921, 0.42
922, 0.43
923, 0.63
924, 0.67
925, 0.63
926, 0.36
927, 0.93
928, 0.13
929, 0.87
930, 0.34
931, 0.44
932, 0.30
933, 0.48
934, 0.40
935, 0.50
936, 0.56
937, 0.35
938, 0.44
939, 0.79
940, 0.55
941, 0.12
942, 0.50
943, 0.59
944, 0.43
945, 0.29
946, 0.51
947, 0.99
948, 0.18
949, 0.29
950, 0.62
951, 0.49
952, 0.41
953, 0.61
954, 0.38
955, 0.24
956, 0.49
957, 0.58
958, 0.58
959, 0.09
960, 0.55
961, 0.69
962, 0.41
963, 0.88
964, 0.37
965, 0.50
966, 0.35
967, 0.48
968, 0.33
969, 0.61
970, 0.34
971, 0.13
972, 0.54
973, 0.06
974, 0.56
975, 0.73
976, 0.57
977, 0.47
978, 0.51
979, 0.53
980, 0.47
981, 0.56
982, 0.47
983, 0.51
984, 0.52
985, 0.47
986, 0.18
987, 0.35
988, 0.62
989, 0.37
990, 0.17
991, 0.28
992, 0.32
993, 0.46
994, 0.16
995, 0.54
996, 0.48
997, 0.56
998, 0.34
999, 0.54
1000, 0.45
1001, 0.39
1002, 0.37
1003, 0.61
1004, 0.93
1005, 0.31
1006, 0.40
1007, 0.97
1008, 0.43
1009, 0.29
1010, 0.37
1011, 0.31
1012, 0.55
1013, 0.37
1014, 0.06
1015, 0.51
1016, 0.64
1017, 0.49
1018, 0.47
1019, 0.59
1020, 0.37
1021, 0.48
1022, 0.51
1023, 0.49
1024, 0.35
1025, 0.41
1026, 1.00
1027, 0.56
1028, 0.99
1029, 0.49
1030, 0.18
1031, 0.67
1032, 0.61
1033, 0.57
1034, 0.48
1035, 0.79
1036, 0.51
1037, 0.51
1038, 0.55
1039, 0.67
1040, 0.62
1041, 0.66
1042, 0.94
1043, 0.51
1044, 0.35
1045, 0.42
1046, 0.59
1047, 0.40
1048, 0.22
1049, 0.31
1050, 0.43
1051, 0.88
1052, 0.48
1053, 0.34
1054, 0.13
1055, 0.99
1056, 0.18
1057, 0.37
1058, 0.48
1059, 0.44
1060, 0.63
1061, 0.52
1062, 0.51
1063, 0.33
1064, 0.93
1065, 0.35
1066, 0.96
1067, 0.31
1068, 0.08
1069, 0.68
1070, 0.71
1071, 0.71
1072, 0.46
1073, 0.50
1074, 0.17
1075, 0.19
1076, 0.39
1077, 0.39
1078, 0.38
1079, 0.14
1080, 0.05
1081, 0.29
1082, 0.41
1083, 0.98
1084, 0.55
1085, 0.54
1086, 0.49
1087, 0.68
1088, 0.62
1089, 0.57
1090, 0.48
1091, 0.47
1092, 0.35
1093, 0.51
1094, 0.33
1095, 0.46
1096, 0.53
1097, 0.67
1098, 0.67
1099, 0.44
1100, 0.65
1101, 0.27
1102, 0.46
1103, 0.53
1104, 0.46
1105, 0.45
1106, 0.39
1107, 0.39
1108, 0.59
1109, 0.20
1110, 0.51
1111, 0.29
1112, 0.38
1113, 0.54
1114, 0.90
1115, 0.70
1116, 0.63
1117, 0.18
1118, 0.66
1119, 0.67
1120, 0.72
1121, 0.40
1122, 0.60
1123, 0.67
1124, 0.99
1125, 0.26
1126, 0.33
1127, 0.59
1128, 0.66
1129, 0.13
1130, 0.48
1131, 0.43
1132, 0.45
1133, 0.54
1134, 0.33
1135, 0.32
1136, 0.33
1137, 0.42
1138, 0.46
1139, 0.30
1140, 0.89
1141, 0.16
1142, 0.23
1143, 0.59
1144, 0.51
1145, 0.43
1146, 0.53
1147, 0.08
1148, 0.88
1149, 0.96
1150, 0.51
1151, 0.45
1152, 0.94
1153, 0.12
1154, 0.13
1155, 0.06
1156, 0.22
1157, 0.42
1158, 0.59
1159, 0.49
1160, 0.53
1161, 0.46
1162, 0.54
1163, 0.46
1164, 0.46
1165, 0.96
1166, 0.63
1167, 0.59
1168, 0.62
1169, 0.42
1170, 0.35
1171, 0.60
1172, 0.97
1173, 0.28
1174, 0.98
1175, 0.50
1176, 0.43
1177, 0.37
1178, 0.41
1179, 0.45
1180, 0.33
1181, 0.42
1182, 0.40
1183, 0.49
1184, 0.42
1185, 0.47
1186, 0.98
1187, 0.71
1188, 0.40
1189, 0.64
1190, 0.60
1191, 0.99
1192, 0.52
1193, 0.68
1194, 0.45
1195, 0.54
1196, 0.43
1197, 0.59
1198, 0.54
1199, 0.95
1200, 0.48
1201, 0.45
1202, 0.50
1203, 0.97
1204, 0.49
1205, 0.42
1206, 0.45
1207, 0.44
1208, 0.22
1209, 0.29
1210, 0.51
1211, 0.56
1212, 0.58
1213, 0.53
1214, 0.50
1215, 0.54
1216, 0.59
1217, 0.20
1218, 0.49
1219, 0.64
1220, 0.11
1221, 0.86
1222, 0.47
1223, 0.63
1224, 0.50
1225, 0.34
1226, 0.48
1227, 0.11
1228, 0.56
1229, 0.43
1230, 0.74
1231, 0.68
1232, 0.61
1233, 0.30
1234, 0.62
1235, 0.36
1236, 0.44
1237, 0.54
1238, 0.52
1239, 0.06
1240, 0.38
1241, 0.11
1242, 0.57
1243, 0.52
1244, 0.25
1245, 0.63
1246, 0.48
1247, 0.09
1248, 0.65
1249, 0.37
1250, 0.34
1251, 0.66
1252, 0.55
1253, 0.39
1254, 0.38
1255, 0.51
1256, 0.97
1257, 0.92
1258, 0.54
1259, 0.49
1260, 0.16
1261, 0.51
1262, 0.53
1263, 0.46
1264, 0.40
1265, 0.45
1266, 0.41
1267, 0.59
1268, 0.63
1269, 0.30
1270, 0.23
1271, 0.41
1272, 0.62
1273, 1.00
1274, 0.61
1275, 0.31
1276, 0.45
1277, 0.42
1278, 0.46
1279, 0.93
1280, 0.33
1281, 0.62
1282, 0.53
1283, 0.49
1284, 0.54
1285, 0.94
1286, 0.68
1287, 0.67
1288, 0.62
1289, 0.46
1290, 0.51
1291, 0.99
1292, 0.31
1293, 0.99
1294, 0.49
1295, 0.52
1296, 0.64
1297, 0.64
1298, 0.39
1299, 0.61
1300, 0.25
1301, 0.64
1302, 0.25
1303, 0.46
1304, 0.37
1305, 0.53
1306, 0.96
1307, 0.56
1308, 0.33
1309, 0.23
1310, 0.32
1311, 0.43
1312, 0.11
1313, 0.33
1314, 0.12
1315, 0.88
1316, 0.43
1317, 0.09
1318, 0.71
1319, 0.52
1320, 0.32
1321, 0.49
1322, 0.08
1323, 0.73
1324, 0.32
1325, 0.69
1326, 0.42
1327, 0.51
1328, 0.84
1329, 0.58
1330, 0.39
1331, 0.49
1332, 0.76
1333, 0.46
1334, 0.67
1335, 0.55
1336, 0.49
1337, 0.49
1338, 0.55
1339, 0.98
1340, 0.50
1341, 0.11
1342, 0.31
1343, 0.74
1344, 0.51
1345, 0.98
1346, 0.39
1347, 0.32
1348, 0.30
1349, 0.35
1350, 0.53
1351, 0.21
1352, 0.15
1353, 0.42
1354, 0.64
1355, 0.44
1356, 0.29
1357, 0.35
1358, 0.60
1359, 0.33
1360, 0.41
1361, 0.53
1362, 0.92
1363, 0.39
1364, 0.51
1365, 0.52
1366, 0.35
1367, 0.98
1368, 0.61
1369, 0.47
1370, 0.98
1371, 0.30
1372, 0.48
1373, 0.45
1374, 0.04
1375, 0.83
1376, 0.53
1377, 0.01
1378, 0.43
1379, 0.44
1380, 0.46
1381, 0.56
1382, 0.13
1383, 0.45
1384, 0.55
1385, 0.61
1386, 0.49
1387, 0.45
1388, 0.51
1389, 0.47
1390, 0.61
1391, 0.56
1392, 0.63
1393, 0.46
1394, 0.87
1395, 0.44
1396, 0.60
1397, 0.14
1398, 0.51
1399, 0.52
1400, 0.29
1401, 0.37
1402, 0.52
1403, 0.20
1404, 0.30
1405, 0.04
1406, 0.53
1407, 0.64
1408, 0.47
1409, 0.67
1410, 0.99
1411, 0.35
1412, 0.99
1413, 0.59
1414, 0.54
1415, 0.24
1416, 0.40
1417, 0.46
1418, 0.33
1419, 0.45
1420, 0.51
1421, 0.39
1422, 0.55
1423, 0.53
1424, 0.45
1425, 0.47
1426, 0.51
1427, 0.56
1428, 0.62
1429, 0.13
1430, 0.42
1431, 0.56
1432, 0.39
1433, 0.48
1434, 0.52
1435, 0.39
1436, 0.51
1437, 0.66
1438, 0.14
1439, 0.51
1440, 0.49
1441, 0.47
1442, 0.39
1443, 0.22
1444, 0.53
1445, 0.30
1446, 0.28
1447, 0.13
1448, 0.11
1449, 0.69
1450, 0.53
1451, 0.64
1452, 0.83
1453, 0.88
1454, 0.37
1455, 0.63
1456, 0.47
1457, 0.55
1458, 0.19
1459, 0.26
1460, 0.65
1461, 0.23
1462, 0.55
1463, 0.11
1464, 0.43
1465, 0.24
1466, 0.49
1467, 0.13
1468, 0.46
1469, 0.41
1470, 0.47
1471, 0.35
1472, 0.26
1473, 0.17
1474, 0.32
1475, 0.94
1476, 0.24
1477, 0.59
1478, 0.26
1479, 0.40
1480, 0.61
1481, 0.46
1482, 0.41
1483, 0.63
1484, 0.48
1485, 0.47
1486, 0.44
1487, 0.93
1488, 0.13
1489, 0.56
1490, 0.14
1491, 0.33
1492, 0.60
1493, 0.36
1494, 0.63
1495, 0.96
1496, 0.39
1497, 0.52
1498, 0.16
1499, 0.23
1500, 0.10
1501, 0.40
1502, 0.37
1503, 0.66
1504, 0.50
1505, 0.68
1506, 0.35
1507, 0.63
1508, 0.50
1509, 0.41
1510, 0.68
1511, 0.53
1512, 0.17
1513, 0.49
1514, 0.22
1515, 0.36
1516, 0.53
1517, 0.45
1518, 0.67
1519, 0.15
1520, 0.10
1521, 0.16
1522, 0.42
1523, 0.03
1524, 0.51
1525, 0.57
1526, 0.25
1527, 0.19
1528, 0.57
1529, 0.55
1530, 0.49
1531, 0.88
1532, 0.41
1533, 0.56
1534, 0.57
1535, 0.68
1536, 0.46
1537, 0.68
1538, 0.92
1539, 0.50
1540, 0.58
1541, 0.94
1542, 0.68
1543, 0.49
1544, 0.48
1545, 0.47
1546, 0.48
1547, 0.44
1548, 0.63
1549, 0.69
1550, 0.24
1551, 0.49
1552, 0.35
1553, 0.38
1554, 0.30
1555, 0.09
1556, 0.37
1557, 0.81
1558, 0.26
1559, 0.34
1560, 0.97
1561, 0.49
1562, 0.22
1563, 0.13
1564, 0.75
1565, 0.86
1566, 0.47
1567, 0.64
1568, 0.51
1569, 0.97
1570, 0.67
1571, 0.89
1572, 0.99
1573, 0.23
1574, 0.19
1575, 0.33
1576, 0.90
1577, 0.95
1578, 0.95
1579, 0.38
1580, 0.16
1581, 0.40
1582, 0.30
1583, 0.50
1584, 0.20
1585, 0.52
1586, 0.35
1587, 0.45
1588, 0.75
1589, 0.82
1590, 0.58
1591, 0.94
1592, 0.61
1593, 0.37
1594, 0.41
1595, 0.09
1596, 0.53
1597, 0.67
1598, 0.74
1599, 0.54
1600, 0.13
1601, 0.44
1602, 0.69
1603, 0.48
1604, 0.52
1605, 0.10
1606, 0.38
1607, 0.46
1608, 0.44
1609, 0.38
1610, 0.70
1611, 0.44
1612, 0.42
1613, 0.09
1614, 0.93
1615, 0.94
1616, 0.51
1617, 0.62
1618, 0.76
1619, 0.35
1620, 0.95
1621, 0.44
1622, 0.73
1623, 0.44
1624, 0.60
1625, 0.66
1626, 0.48
1627, 0.62
1628, 0.76
1629, 0.44
1630, 0.66
1631, 0.56
1632, 0.24
1633, 0.42
1634, 0.59
1635, 0.42
1636, 0.92
1637, 0.65
1638, 0.48
1639, 0.21
1640, 0.10
1641, 0.51
1642, 0.97
1643, 0.63
1644, 0.52
1645, 0.51
1646, 0.10
1647, 0.91
1648, 0.61
1649, 0.01
1650, 0.50
1651, 0.35
1652, 0.05
1653, 0.93
1654, 0.08
1655, 0.53
1656, 0.47
1657, 0.30
1658, 0.31
1659, 0.49
1660, 0.60
1661, 0.02
1662, 0.54
1663, 0.57
1664, 0.44
1665, 0.88
1666, 0.30
1667, 0.59
1668, 0.05
1669, 0.56
1670, 0.48
1671, 0.99
1672, 0.42
1673, 0.57
1674, 0.40
1675, 0.05
1676, 0.29
1677, 0.71
1678, 0.55
1679, 0.95
1680, 0.56
1681, 0.60
1682, 0.94
1683, 0.37
1684, 0.31
1685, 0.63
1686, 0.68
1687, 0.53
1688, 0.21
1689, 0.55
1690, 0.54
1691, 0.53
1692, 0.58
1693, 0.13
1694, 0.48
1695, 0.67
1696, 0.61
1697, 0.94
1698, 0.40
1699, 0.52
1700, 0.49
1701, 0.66
1702, 0.68
1703, 0.95
1704, 0.40
1705, 0.47
1706, 0.99
1707, 0.39
1708, 0.46
1709, 0.48
1710, 0.09
1711, 0.78
1712, 0.57
1713, 0.65
1714, 0.51
1715, 0.85
1716, 0.71
1717, 0.47
1718, 0.27
1719, 0.26
1720, 0.44
1721, 0.36
1722, 0.24
1723, 0.42
1724, 0.45
1725, 0.51
1726, 0.83
1727, 0.41
1728, 0.28
1729, 0.99
1730, 0.25
1731, 0.36
1732, 0.48
1733, 0.57
1734, 0.55
1735, 0.35
1736, 0.61
1737, 0.15
1738, 0.96
1739, 0.51
1740, 0.89
1741, 0.62
1742, 0.68
1743, 0.18
1744, 0.37
1745, 0.56
1746, 0.40
1747, 0.30
1748, 0.33
1749, 0.54
1750, 0.70
1751, 0.30
1752, 0.46
1753, 0.74
1754, 0.91
1755, 0.43
1756, 0.47
1757, 0.85
1758, 0.48
1759, 0.71
1760, 0.58
1761, 0.67
1762, 0.40
1763, 0.66
1764, 0.72
1765, 0.49
1766, 0.51
1767, 0.84
1768, 0.33
1769, 0.40
1770, 0.33
1771, 0.43
1772, 0.39
1773, 0.55
1774, 0.35
1775, 0.50
1776, 0.44
1777, 0.38
1778, 0.60
1779, 0.40
1780, 0.94
1781, 0.58
1782, 0.50
1783, 0.44
1784, 0.23
1785, 0.52
1786, 0.33
1787, 0.82
1788, 0.54
1789, 0.36
1790, 0.37
1791, 0.15
1792, 0.51
1793, 0.53
1794, 0.44
1795, 0.18
1796, 0.23
1797, 0.51
1798, 0.06
1799, 0.32
1800, 0.81
1801, 0.61
1802, 0.55
1803, 0.36
1804, 0.36
1805, 0.54
1806, 0.95
1807, 0.51
1808, 0.55
1809, 0.34
1810, 0.49
1811, 0.37
1812, 0.52
1813, 0.56
1814, 0.53
1815, 0.57
1816, 0.18
1817, 0.57
1818, 0.62
1819, 0.55
1820, 0.42
1821, 0.40
1822, 0.68
1823, 0.11
1824, 0.42
1825, 0.48
1826, 0.45
1827, 0.36
1828, 0.12
1829, 0.58
1830, 0.41
1831, 0.53
1832, 0.19
1833, 0.97
1834, 0.60
1835, 0.24
1836, 0.70
1837, 0.45
1838, 0.43
1839, 0.25
1840, 0.43
1841, 0.39
1842, 0.34
1843, 0.14
1844, 0.55
1845, 0.53
1846, 0.72
1847, 0.24
1848, 0.51
1849, 0.33
1850, 0.42
1851, 0.52
1852, 0.37
1853, 0.65
1854, 0.53
1855, 0.45
1856, 0.53
1857, 0.24
1858, 0.24
1859, 0.58
1860, 0.06
1861, 0.46
1862, 0.76
1863, 0.16
1864, 0.21
1865, 0.45
1866, 0.62
1867, 0.49
1868, 0.26
1869, 0.64
1870, 0.53
1871, 0.30
1872, 0.62
1873, 0.62
1874, 0.35
1875, 0.53
1876, 0.96
1877, 0.36
1878, 0.36
1879, 0.81
1880, 0.84
1881, 0.96
1882, 0.63
1883, 0.24
1884, 0.48
1885, 0.09
1886, 0.37
1887, 0.13
1888, 0.29
1889, 0.45
1890, 0.54
1891, 0.75
1892, 0.95
1893, 0.71
1894, 0.21
1895, 0.68
1896, 0.27
1897, 0.42
1898, 0.36
1899, 0.87
1900, 0.36
1901, 0.36
1902, 0.99
1903, 0.62
1904, 0.47
1905, 0.43
1906, 0.49
1907, 0.92
1908, 0.56
1909, 0.69
1910, 0.43
1911, 0.33
1912, 0.80
1913, 0.56
1914, 0.39
1915, 0.30
1916, 0.43
1917, 0.62
1918, 0.18
1919, 0.92
1920, 0.37
1921, 0.99
1922, 0.71
1923, 0.46
1924, 0.99
1925, 0.34
1926, 0.44
1927, 0.45
1928, 0.33
1929, 0.47
1930, 0.16
1931, 0.30
1932, 0.36
1933, 0.56
1934, 0.54
1935, 0.37
1936, 0.37
1937, 0.64
1938, 0.60
1939, 0.41
1940, 0.44
1941, 0.59
1942, 0.44
1943, 0.68
1944, 0.96
1945, 0.37
1946, 0.62
1947, 0.15
1948, 0.47
1949, 0.99
1950, 0.31
1951, 0.59
1952, 0.50
1953, 0.87
1954, 0.67
1955, 0.51
1956, 0.60
1957, 0.57
1958, 0.44
1959, 0.55
1960, 0.38
1961, 0.99
1962, 0.84
1963, 0.73
1964, 0.66
1965, 0.51
1966, 0.30
1967, 0.62
1968, 0.33
1969, 0.62
1970, 0.94
1971, 0.67
1972, 0.96
1973, 0.43
1974, 0.42
1975, 0.64
1976, 0.59
1977, 0.60
1978, 0.48
1979, 0.62
1980, 0.46
1981, 0.62
1982, 0.39
1983, 0.32
1984, 0.53
1985, 0.49
1986, 0.94
1987, 0.31
1988, 0.46
1989, 0.62
1990, 0.65
1991, 0.37
1992, 0.73
1993, 0.50
1994, 0.57
1995, 0.25
1996, 0.48
1997, 0.54
1998, 0.56
1999, 0.39
2000, 0.39
2001, 0.03
2002, 0.52
2003, 0.40
2004, 0.99
2005, 0.94
2006, 0.53
2007, 0.89
2008, 0.41
2009, 0.50
2010, 0.94
2011, 0.59
2012, 0.44
2013, 0.43
2014, 0.53
2015, 0.71
2016, 0.64
2017, 0.46
2018, 0.54
2019, 0.33
2020, 0.27
2021, 0.37
2022, 0.40
2023, 0.23
2024, 0.31
2025, 0.30
2026, 0.35
2027, 0.88
2028, 0.58
2029, 0.98
2030, 0.13
2031, 0.60
2032, 0.32
2033, 0.37
2034, 0.54
2035, 0.56
2036, 0.58
2037, 0.42
2038, 0.66
2039, 0.50
2040, 0.12
2041, 0.30
2042, 0.61
2043, 0.43
2044, 0.71
2045, 0.28
2046, 0.70
2047, 0.22
2048, 0.44
2049, 0.63
2050, 0.20
2051, 0.30
2052, 0.49
2053, 0.49
2054, 0.58
2055, 0.30
2056, 0.63
2057, 0.43
2058, 0.29
2059, 0.60
2060, 0.44
2061, 0.49
2062, 0.28
2063, 0.45
2064, 0.46
2065, 0.99
2066, 0.13
2067, 0.55
2068, 0.29
2069, 0.22
2070, 0.64
2071, 0.40
2072, 0.06
2073, 0.45
2074, 0.25
2075, 0.55
2076, 0.36
2077, 0.36
2078, 0.52
2079, 0.37
2080, 0.56
2081, 0.84
2082, 0.47
2083, 0.14
2084, 0.61
2085, 0.65
2086, 0.39
2087, 0.96
2088, 0.55
2089, 0.53
2090, 0.59
2091, 0.38
2092, 0.53
2093, 0.48
2094, 0.41
2095, 0.36
2096, 0.25
2097, 0.50
2098, 0.06
2099, 0.36
2100, 0.21
2101, 0.53
2102, 0.32
2103, 0.40
2104, 0.12
2105, 0.91
2106, 0.71
2107, 0.91
2108, 0.33
2109, 0.71
2110, 0.67
2111, 0.46
2112, 0.07
2113, 0.27
2114, 0.20
2115, 0.86
2116, 0.18
2117, 0.60
2118, 0.21
2119, 0.29
2120, 0.55
2121, 0.44
2122, 0.44
2123, 0.50
2124, 0.75
2125, 0.53
2126, 0.43
2127, 0.44
2128, 0.50
2129, 0.35
2130, 0.60
2131, 0.33
2132, 0.33
2133, 0.93
2134, 0.96
2135, 0.68
2136, 0.48
2137, 0.85
2138, 0.57
2139, 0.44
2140, 0.12
2141, 0.94
2142, 0.49
2143, 0.70
2144, 0.44
2145, 0.57
2146, 0.33
2147, 0.49
2148, 0.54
2149, 0.26
2150, 0.33
2151, 0.70
2152, 0.43
2153, 0.38
2154, 0.67
2155, 0.54
2156, 0.48
2157, 0.36
2158, 0.55
2159, 0.54
2160, 0.66
2161, 0.72
2162, 0.59
2163, 0.18
2164, 0.48
2165, 0.38
2166, 0.63
2167, 0.59
2168, 0.93
2169, 0.52
2170, 0.46
2171, 0.45
2172, 0.28
2173, 0.56
2174, 0.17
2175, 0.41
2176, 0.64
2177, 0.46
2178, 0.42
2179, 0.52
2180, 0.45
2181, 0.43
2182, 0.94
2183, 0.70
2184, 0.14
2185, 0.47
2186, 0.61
2187, 0.28
2188, 0.46
2189, 0.54
2190, 0.15
2191, 0.15
2192, 0.24
2193, 0.99
2194, 0.46
2195, 0.53
2196, 0.94
2197, 0.23
2198, 0.53
2199, 0.41
2200, 0.66
2201, 0.51
2202, 0.99
2203, 0.78
2204, 0.58
2205, 0.31
2206, 0.16
2207, 0.37
2208, 0.13
2209, 0.15
2210, 0.98
2211, 0.34
2212, 0.59
2213, 0.36
2214, 0.05
2215, 0.55
2216, 0.06
2217, 0.91
2218, 0.52
2219, 0.57
2220, 0.64
2221, 0.59
2222, 0.54
2223, 0.48
2224, 0.15
2225, 0.65
2226, 0.63
2227, 0.48
2228, 0.27
2229, 0.29
2230, 0.65
2231, 0.57
2232, 0.96
2233, 0.25
2234, 0.35
2235, 0.45
2236, 0.18
2237, 0.69
2238, 0.22
2239, 0.39
2240, 0.54
2241, 0.47
2242, 0.68
2243, 0.94
2244, 0.15
2245, 0.66
2246, 0.45
2247, 0.47
2248, 0.20
2249, 0.30
2250, 0.96
2251, 0.46
2252, 0.65
2253, 0.39
2254, 0.11
2255, 0.90
2256, 0.21
2257, 0.53
2258, 0.29
2259, 0.12
2260, 0.89
2261, 0.96
2262, 0.55
2263, 0.42
2264, 0.22
2265, 0.25
2266, 0.61
2267, 0.19
2268, 0.89
2269, 0.70
2270, 0.21
2271, 0.39
2272, 0.45
2273, 0.35
2274, 0.20
2275, 0.90
2276, 0.48
2277, 0.18
2278, 0.40
2279, 0.11
2280, 0.66
2281, 0.63
2282, 0.48
2283, 0.56
2284, 0.67
2285, 0.54
2286, 0.60
2287, 0.10
2288, 0.54
2289, 0.63
2290, 0.88
2291, 0.38
2292, 0.98
2293, 0.99
2294, 0.49
2295, 0.73
2296, 0.55
2297, 0.51
2298, 0.43
2299, 0.32
2300, 0.94
2301, 0.33
2302, 0.21
2303, 0.38
2304, 0.43
2305, 0.46
2306, 0.37
2307, 0.38
2308, 0.54
2309, 0.63
2310, 0.48
2311, 0.45
2312, 0.37
2313, 0.47
2314, 0.40
2315, 0.46
2316, 0.36
2317, 0.72
2318, 0.57
2319, 0.45
2320, 0.53
2321, 0.53
2322, 0.29
2323, 0.33
2324, 0.39
2325, 0.44
2326, 0.23
2327, 0.28
2328, 0.40
2329, 0.02
2330, 0.49
2331, 0.36
2332, 0.52
2333, 0.95
2334, 0.23
2335, 0.43
2336, 0.86
2337, 0.40
2338, 0.59
2339, 0.53
2340, 0.40
2341, 0.56
2342, 0.13
2343, 0.83
2344, 0.43
2345, 0.33
2346, 0.54
2347, 0.56
2348, 0.38
2349, 0.48
2350, 0.41
2351, 0.99
2352, 0.50
2353, 0.14
2354, 0.78
2355, 0.29
2356, 0.14
2357, 0.87
2358, 0.29
2359, 0.18
2360, 0.35
2361, 1.00
2362, 0.47
2363, 0.93
2364, 0.57
2365, 0.62
2366, 0.43
2367, 0.07
2368, 0.50
2369, 0.50
2370, 0.55
2371, 0.44
2372, 0.55
2373, 0.47
2374, 0.35
2375, 0.52
2376, 0.67
2377, 0.43
2378, 0.60
2379, 0.69
2380, 0.54
2381, 0.09
2382, 0.50
2383, 0.42
2384, 0.49
2385, 0.88
2386, 0.40
2387, 1.00
2388, 0.45
2389, 0.93
2390, 0.56
2391, 0.53
2392, 0.88
2393, 0.37
2394, 0.13
2395, 0.49
2396, 0.36
2397, 0.55
2398, 0.91
2399, 0.29
2400, 0.54
2401, 0.31
2402, 0.42
2403, 0.27
2404, 0.28
2405, 0.50
2406, 0.38
2407, 0.22
2408, 0.96
2409, 0.28
2410, 0.54
2411, 0.47
2412, 0.90
2413, 0.57
2414, 0.44
2415, 0.44
2416, 0.64
2417, 0.76
2418, 0.61
2419, 0.95
2420, 0.56
2421, 0.95
2422, 0.61
2423, 0.57
2424, 0.41
2425, 0.38
2426, 0.38
2427, 0.45
2428, 0.31
2429, 0.31
2430, 0.40
2431, 0.41
2432, 0.52
2433, 0.82
2434, 0.49
2435, 0.35
2436, 0.15
2437, 0.43
2438, 0.28
2439, 0.31
2440, 0.14
2441, 0.21
2442, 0.53
2443, 0.55
2444, 0.36
2445, 0.57
2446, 0.14
2447, 0.64
2448, 0.65
2449, 0.61
2450, 0.42
2451, 0.28
2452, 0.41
2453, 0.25
2454, 0.37
2455, 0.35
2456, 0.91
2457, 0.61
2458, 0.42
2459, 0.47
2460, 0.85
2461, 0.92
2462, 0.39
2463, 0.82
2464, 0.64
2465, 0.45
2466, 0.13
2467, 0.70
2468, 0.48
2469, 0.13
2470, 0.63
2471, 0.51
2472, 0.15
2473, 0.50
2474, 0.38
2475, 0.54
2476, 0.62
2477, 0.52
2478, 0.21
2479, 1.00
2480, 0.70
2481, 0.51
2482, 0.97
2483, 0.30
2484, 0.66
2485, 0.18
2486, 0.68
2487, 0.53
2488, 0.42
2489, 0.48
2490, 0.49
2491, 0.68
2492, 0.41
2493, 0.61
2494, 0.51
2495, 0.26
2496, 0.40
2497, 0.47
2498, 0.92
2499, 0.36
2500, 0.50
2501, 0.47
2502, 0.23
2503, 0.34
2504, 0.35
2505, 0.58
2506, 0.50
2507, 0.45
2508, 0.51
2509, 0.14
2510, 0.59
2511, 0.61
2512, 0.51
2513, 0.98
2514, 0.92
2515, 0.65
2516, 0.97
2517, 0.20
2518, 0.47
2519, 0.12
2520, 0.57
2521, 0.30
2522, 0.50
2523, 0.60
2524, 0.53
2525, 0.60
2526, 0.04
2527, 0.54
2528, 0.66
2529, 0.59
2530, 0.66
2531, 0.56
2532, 0.52
2533, 0.35
2534, 0.41
2535, 0.04
2536, 0.39
2537, 0.50
2538, 0.62
2539, 0.58
2540, 0.35
2541, 0.86
2542, 0.15
2543, 0.66
2544, 0.58
2545, 0.51
2546, 0.12
2547, 0.51
2548, 0.65
2549, 0.39
2550, 0.89
2551, 0.39
2552, 0.69
2553, 0.82
2554, 0.50
2555, 0.39
2556, 0.28
2557, 0.54
2558, 0.35
2559, 0.34
2560, 0.44
2561, 0.05
2562, 0.91
2563, 0.93
2564, 0.35
2565, 0.44
2566, 0.46
2567, 0.42
2568, 0.47
2569, 0.87
2570, 0.33
2571, 0.21
2572, 0.68
2573, 0.89
2574, 0.46
2575, 0.41
2576, 0.67
2577, 0.15
2578, 0.53
2579, 0.43
2580, 0.41
2581, 0.56
2582, 0.51
2583, 0.49
2584, 0.35
2585, 0.38
2586, 0.60
2587, 0.60
2588, 0.15
2589, 0.59
2590, 0.47
2591, 0.48
2592, 0.58
2593, 0.53
2594, 0.46
2595, 0.59
2596, 0.27
2597, 0.46
2598, 0.27
2599, 0.30
2600, 0.55
2601, 0.22
2602, 0.50
2603, 0.71
2604, 0.27
2605, 0.45
2606, 0.90
2607, 0.43
2608, 0.42
2609, 0.42
2610, 0.24
2611, 0.30
2612, 0.39
2613, 0.44
2614, 0.24
2615, 0.71
2616, 0.54
2617, 0.92
2618, 0.57
2619, 0.16
2620, 0.39
2621, 0.42
2622, 0.84
2623, 0.39
2624, 0.29
2625, 0.53
2626, 0.90
2627, 0.86
2628, 0.77
2629, 0.65
2630, 0.56
2631, 0.46
2632, 0.46
2633, 0.84
2634, 0.52
2635, 0.20
2636, 0.48
2637, 0.19
2638, 0.14
2639, 0.61
2640, 0.61
2641, 0.34
2642, 0.52
2643, 0.55
2644, 0.43
2645, 0.63
2646, 0.38
2647, 0.49
2648, 0.48
2649, 0.52
2650, 0.43
2651, 0.27
2652, 0.42
2653, 0.09
2654, 0.77
2655, 0.60
2656, 0.71
2657, 0.97
2658, 0.65
2659, 0.18
2660, 0.48
2661, 0.39
2662, 0.97
2663, 0.54
2664, 0.52
2665, 0.61
2666, 0.42
2667, 0.15
2668, 0.59
2669, 0.07
2670, 0.49
2671, 0.99
2672, 0.42
2673, 0.34
2674, 0.30
2675, 0.08
2676, 0.31
2677, 0.40
2678, 0.85
2679, 0.54
2680, 0.51
2681, 0.93
2682, 0.50
2683, 0.86
2684, 0.34
2685, 0.27
2686, 0.75
2687, 0.80
2688, 0.59
2689, 0.58
2690, 0.25
2691, 0.27
2692, 0.62
2693, 0.10
2694, 0.56
2695, 0.35
2696, 0.42
2697, 0.40
2698, 0.46
2699, 0.57
2700, 0.37
2701, 0.24
2702, 0.36
2703, 0.50
2704, 0.36
2705, 0.52
2706, 0.98
2707, 0.21
2708, 0.63
2709, 0.68
2710, 0.73
2711, 0.42
2712, 0.93
2713, 0.62
2714, 0.58
2715, 0.26
2716, 0.46
2717, 0.17
2718, 0.69
2719, 0.37
2720, 0.56
2721, 0.94
2722, 0.51
2723, 0.65
2724, 0.60
2725, 0.06
2726, 0.56
2727, 0.45
2728, 0.40
2729, 0.43
2730, 0.37
2731, 0.53
2732, 0.72
2733, 0.06
2734, 0.27
2735, 0.46
2736, 0.50
2737, 0.52
2738, 0.42
2739, 0.39
2740, 0.40
2741, 0.89
2742, 0.80
2743, 0.82
2744, 0.08
2745, 0.54
2746, 0.43
2747, 0.31
2748, 0.62
2749, 0.44
2750, 0.63
2751, 0.49
2752, 0.37
2753, 0.70
2754, 0.82
2755, 0.99
2756, 0.18
2757, 0.53
2758, 1.00
2759, 0.50
2760, 0.46
2761, 0.15
2762, 0.41
2763, 0.40
2764, 0.63
2765, 0.60
2766, 0.38
2767, 0.61
2768, 0.57
2769, 0.49
2770, 0.42
2771, 0.70
2772, 0.34
2773, 0.49
2774, 0.50
2775, 0.11
2776, 0.93
2777, 0.88
2778, 0.55
2779, 0.01
2780, 0.50
2781, 0.56
2782, 0.08
2783, 0.57
2784, 0.91
2785, 0.42
2786, 0.98
2787, 0.60
2788, 0.17
2789, 0.53
2790, 0.56
2791, 0.56
2792, 0.99
2793, 0.38
2794, 0.72
2795, 0.77
2796, 0.42
2797, 0.42
2798, 0.73
2799, 0.37
2800, 0.15
2801, 0.16
2802, 0.39
2803, 0.49
2804, 0.28
2805, 0.51
2806, 0.18
2807, 0.50
2808, 0.66
2809, 0.50
2810, 0.34
2811, 0.25
2812, 0.54
2813, 0.42
2814, 0.55
2815, 0.54
2816, 0.61
2817, 0.04
2818, 0.41
2819, 0.42
2820, 0.81
2821, 0.51
2822, 0.50
2823, 0.03
2824, 0.71
2825, 0.09
2826, 0.95
2827, 0.18
2828, 0.42
2829, 0.42
2830, 0.41
2831, 0.56
2832, 0.61
2833, 0.52
2834, 0.98
2835, 0.60
2836, 0.16
2837, 0.91
2838, 0.48
2839, 0.32
2840, 0.46
2841, 0.31
2842, 0.61
2843, 0.42
2844, 0.20
2845, 0.66
2846, 0.52
2847, 0.58
2848, 0.68
2849, 0.64
2850, 0.43
2851, 0.54
2852, 0.08
2853, 0.55
2854, 0.46
2855, 0.65
2856, 0.28
2857, 0.93
2858, 0.33
2859, 0.53
2860, 0.46
2861, 0.16
2862, 0.42
2863, 0.48
2864, 0.58
2865, 0.62
2866, 0.47
2867, 0.29
2868, 0.38
2869, 0.59
2870, 0.39
2871, 0.06
2872, 0.37
2873, 0.59
2874, 0.37
2875, 0.58
2876, 0.09
2877, 0.48
2878, 0.63
2879, 0.61
2880, 0.97
2881, 0.45
2882, 0.86
2883, 0.90
2884, 0.93
2885, 0.47
2886, 0.50
2887, 0.75
2888, 0.35
2889, 0.56
2890, 0.38
2891, 0.57
2892, 0.61
2893, 0.60
2894, 0.33
2895, 0.68
2896, 0.93
2897, 0.10
2898, 0.96
2899, 0.55
2900, 0.44
2901, 0.53
2902, 0.97
2903, 1.00
2904, 0.12
2905, 0.35
2906, 0.50
2907, 0.60
2908, 0.62
2909, 0.13
2910, 0.98
2911, 0.55
2912, 0.23
2913, 0.42
2914, 0.32
2915, 0.90
2916, 0.33
2917, 0.19
2918, 0.60
2919, 0.38
2920, 0.32
2921, 0.95
2922, 0.51
2923, 0.49
2924, 0.52
2925, 0.44
2926, 0.24
2927, 0.66
2928, 0.44
2929, 0.51
2930, 0.49
2931, 0.50
2932, 0.52
2933, 0.61
2934, 0.54
2935, 0.54
2936, 0.60
2937, 0.40
2938, 0.81
2939, 0.06
2940, 0.47
2941, 0.26
2942, 0.44
2943, 0.72
2944, 0.66
2945, 0.05
2946, 0.66
2947, 0.52
2948, 0.98
2949, 0.98
2950, 0.10
2951, 0.45
2952, 0.64
2953, 0.45
2954, 1.00
2955, 0.47
2956, 0.52
2957, 0.94
2958, 0.26
2959, 0.06
2960, 0.60
2961, 0.33
2962, 0.39
2963, 0.51
2964, 0.63
2965, 0.54
2966, 0.38
2967, 0.43
2968, 0.20
2969, 0.62
2970, 0.11
2971, 0.59
2972, 0.12
2973, 0.99
2974, 0.75
2975, 0.14
2976, 0.72
2977, 0.57
2978, 0.49
2979, 0.34
2980, 0.53
2981, 0.39
2982, 0.41
2983, 0.22
2984, 0.29
2985, 0.56
2986, 0.63
2987, 0.06
2988, 0.44
2989, 0.23
2990, 0.55
2991, 0.61
2992, 0.78
2993, 0.44
2994, 0.46
2995, 0.70
2996, 0.29
2997, 0.74
2998, 0.50
2999, 0.52
3000, 0.15
3001, 0.50
3002, 0.45
3003, 0.90
3004, 0.92
3005, 0.41
3006, 0.31
3007, 0.53
3008, 0.41
3009, 0.19
3010, 0.66
3011, 0.54
3012, 0.34
3013, 0.30
3014, 0.51
3015, 0.44
3016, 0.28
3017, 0.63
3018, 0.57
3019, 0.51
3020, 0.41
3021, 0.61
3022, 0.47
3023, 0.52
3024, 0.50
3025, 0.55
3026, 0.44
3027, 0.41
3028, 0.57
3029, 0.19
3030, 0.33
3031, 0.94
3032, 0.38
3033, 0.46
3034, 0.56
3035, 0.46
3036, 0.54
3037, 0.30
3038, 0.41
3039, 0.69
3040, 0.57
3041, 0.12
3042, 0.32
3043, 0.27
3044, 0.63
3045, 0.68
3046, 0.55
3047, 0.15
3048, 0.32
3049, 0.28
3050, 0.19
3051, 0.45
3052, 0.59
3053, 0.32
3054, 0.07
3055, 0.32
3056, 0.43
3057, 0.60
3058, 0.52
3059, 0.29
3060, 0.60
3061, 0.61
3062, 0.44
3063, 0.40
3064, 0.09
3065, 0.60
3066, 0.56
3067, 0.48
3068, 0.34
3069, 0.43
3070, 0.68
3071, 0.28
3072, 0.80
3073, 0.58
3074, 0.26
3075, 0.27
3076, 0.35
3077, 0.14
3078, 0.51
3079, 0.43
3080, 0.45
3081, 1.00
3082, 1.00
3083, 0.57
3084, 0.50
3085, 0.54
3086, 0.55
3087, 0.63
3088, 0.51
3089, 0.99
3090, 0.58
3091, 0.43
3092, 0.17
3093, 0.47
3094, 0.99
3095, 0.60
3096, 0.37
3097, 0.40
3098, 0.71
3099, 0.50
3100, 0.98
3101, 0.48
3102, 0.24
3103, 0.43
3104, 0.13
3105, 0.26
3106, 0.23
3107, 0.53
3108, 0.36
3109, 0.35
3110, 0.94
3111, 0.48
3112, 0.45
3113, 0.75
3114, 0.29
3115, 0.56
3116, 0.31
3117, 0.49
3118, 0.30
3119, 0.55
3120, 0.30
3121, 0.60
3122, 0.25
3123, 0.63
3124, 0.98
3125, 0.49
3126, 0.54
3127, 0.57
3128, 0.38
3129, 0.50
3130, 0.93
3131, 0.42
3132, 0.41
3133, 0.75
3134, 0.60
3135, 0.65
3136, 0.44
3137, 0.47
3138, 0.50
3139, 0.31
3140, 0.48
3141, 0.40
3142, 0.91
3143, 0.47
3144, 0.76
3145, 0.05
3146, 0.53
3147, 0.18
3148, 0.50
3149, 0.38
3150, 0.50
3151, 0.44
3152, 0.59
3153, 0.47
3154, 0.69
3155, 0.37
3156, 0.41
3157, 0.53
3158, 0.49
3159, 0.97
3160, 0.98
3161, 0.18
3162, 0.58
3163, 0.30
3164, 0.88
3165, 0.64
3166, 0.53
3167, 0.23
3168, 0.48
3169, 0.53
3170, 0.63
3171, 0.46
3172, 0.49
3173, 0.97
3174, 0.44
3175, 0.54
3176, 0.64
3177, 0.48
3178, 0.73
3179, 0.27
3180, 0.13
3181, 0.52
3182, 0.61
3183, 0.54
3184, 0.48
3185, 0.28
3186, 0.05
3187, 0.38
3188, 0.42
3189, 0.45
3190, 0.60
3191, 0.97
3192, 0.51
3193, 0.21
3194, 0.91
3195, 0.12
3196, 0.25
3197, 0.30
3198, 0.40
3199, 0.51
3200, 0.72
3201, 0.60
3202, 0.48
3203, 0.58
3204, 0.95
3205, 0.46
3206, 0.56
3207, 0.99
3208, 0.50
3209, 0.50
3210, 0.60
3211, 0.96
3212, 0.93
3213, 0.16
3214, 0.36
3215, 0.92
3216, 0.20
3217, 0.58
3218, 0.59
3219, 0.43
3220, 0.36
3221, 0.38
3222, 0.96
3223, 0.51
3224, 0.56
3225, 0.49
3226, 0.48
3227, 0.73
3228, 0.38
3229, 0.58
3230, 0.53
3231, 0.28
3232, 0.93
3233, 0.45
3234, 0.45
3235, 0.07
3236, 0.68
3237, 0.66
3238, 0.72
3239, 0.80
3240, 0.38
3241, 0.45
3242, 0.24
3243, 0.61
3244, 0.28
3245, 0.29
3246, 0.55
3247, 0.82
3248, 0.55
3249, 0.71
3250, 0.18
3251, 0.55
3252, 0.89
3253, 0.49
3254, 0.99
3255, 0.50
3256, 0.44
3257, 0.46
3258, 0.92
3259, 0.46
3260, 0.13
3261, 0.28
3262, 0.46
3263, 0.49
3264, 0.27
3265, 0.72
3266, 0.66
3267, 0.08
3268, 0.59
3269, 0.62
3270, 0.46
3271, 0.20
3272, 0.39
3273, 0.45
3274, 0.88
3275, 0.90
3276, 0.06
3277, 0.40
3278, 0.37
3279, 0.67
3280, 0.70
3281, 0.55
3282, 0.61
3283, 0.26
3284, 0.39
3285, 0.44
3286, 0.91
3287, 0.55
3288, 0.39
3289, 0.57
3290, 0.37
3291, 0.78
3292, 0.98
3293, 0.75
3294, 0.37
3295, 0.33
3296, 0.38
3297, 0.46
3298, 0.36
3299, 0.37
3300, 0.41
3301, 0.56
3302, 0.45
3303, 0.43
3304, 0.42
3305, 0.12
3306, 0.33
3307, 0.65
3308, 0.44
3309, 0.58
3310, 0.97
3311, 0.45
3312, 0.64
3313, 0.96
3314, 0.54
3315, 0.16
3316, 0.39
3317, 0.57
3318, 0.71
3319, 0.24
3320, 0.39
3321, 0.49
3322, 0.51
3323, 0.54
3324, 0.48
3325, 0.26
3326, 0.27
3327, 0.22
3328, 0.71
3329, 0.24
3330, 0.48
3331, 0.52
3332, 0.52
3333, 0.43
3334, 0.38
3335, 0.96
3336, 0.15
3337, 0.51
3338, 0.27
3339, 0.77
3340, 0.76
3341, 0.31
3342, 0.96
3343, 0.08
3344, 0.45
3345, 0.47
3346, 0.65
3347, 0.55
3348, 0.38
3349, 0.66
3350, 0.35
3351, 0.43
3352, 0.04
3353, 0.39
3354, 0.31
3355, 0.09
3356, 0.60
3357, 0.65
3358, 0.14
3359, 0.42
3360, 0.56
3361, 0.78
3362, 0.41
3363, 0.44
3364, 0.38
3365, 0.48
3366, 0.49
3367, 0.40
3368, 0.09
3369, 0.59
3370, 0.30
3371, 0.11
3372, 0.20
3373, 0.31
3374, 0.56
3375, 0.42
3376, 0.27
3377, 0.82
3378, 0.44
3379, 0.26
3380, 0.28
3381, 0.12
3382, 0.22
3383, 0.42
3384, 0.17
3385, 0.57
3386, 0.99
3387, 0.51
3388, 0.36
3389, 0.39
3390, 0.70
3391, 0.42
3392, 0.63
3393, 0.27
3394, 0.36
3395, 0.49
3396, 0.93
3397, 0.33
3398, 0.43
3399, 0.58
3400, 1.00
3401, 0.65
3402, 0.71
3403, 0.47
3404, 0.50
3405, 0.39
3406, 0.57
3407, 0.35
3408, 0.17
3409, 0.22
3410, 0.52
3411, 0.52
3412, 0.58
3413, 0.73
3414, 0.96
3415, 0.48
3416, 0.13
3417, 0.84
3418, 0.37
3419, 0.27
3420, 0.33
3421, 0.11
3422, 0.70
3423, 0.29
3424, 0.44
3425, 0.98
3426, 0.65
3427, 0.55
3428, 0.53
3429, 0.72
3430, 0.47
3431, 0.86
3432, 0.25
3433, 0.47
3434, 0.34
3435, 0.52
3436, 0.45
3437, 0.97
3438, 0.09
3439, 0.13
3440, 0.19
3441, 0.46
3442, 0.13
3443, 0.36
3444, 0.52
3445, 0.37
3446, 0.53
3447, 0.62
3448, 0.50
3449, 0.74
3450, 0.17
3451, 0.50
3452, 0.47
3453, 0.56
3454, 0.90
3455, 0.17
3456, 0.20
3457, 0.94
3458, 0.45
3459, 0.37
3460, 0.56
3461, 0.12
3462, 0.89
3463, 0.93
3464, 0.63
3465, 0.30
3466, 0.56
3467, 0.33
3468, 0.39
3469, 0.60
3470, 0.26
3471, 0.56
3472, 0.32
3473, 0.32
3474, 0.49
3475, 0.83
3476, 0.59
3477, 0.26
3478, 0.68
3479, 0.58
3480, 0.61
3481, 0.43
3482, 0.31
3483, 0.58
3484, 0.25
3485, 0.93
3486, 0.64
3487, 0.52
3488, 0.47
3489, 0.45
3490, 0.75
3491, 0.52
3492, 0.75
3493, 0.48
3494, 0.32
3495, 0.50
3496, 0.11
3497, 0.58
3498, 0.47
3499, 0.38
3500, 0.32
3501, 0.41
3502, 0.50
3503, 0.33
3504, 0.12
3505, 0.65
3506, 0.04
3507, 0.42
3508, 0.47
3509, 0.44
3510, 0.39
3511, 0.58
3512, 0.40
3513, 0.51
3514, 0.51
3515, 0.20
3516, 0.90
3517, 0.57
3518, 0.03
3519, 0.41
3520, 0.59
3521, 0.63
3522, 0.11
3523, 0.52
3524, 0.35
3525, 0.98
3526, 0.38
3527, 0.34
3528, 0.94
3529, 0.39
3530, 0.40
3531, 0.42
3532, 0.48
3533, 0.69
3534, 0.31
3535, 0.50
3536, 0.21
3537, 0.48
3538, 0.42
3539, 0.39
3540, 0.59
3541, 0.98
3542, 0.29
3543, 0.54
3544, 0.17
3545, 0.43
3546, 0.50
3547, 0.55
3548, 0.47
3549, 0.43
3550, 0.44
3551, 0.51
3552, 0.38
3553, 0.48
3554, 0.99
3555, 0.28
3556, 0.54
3557, 0.18
3558, 0.47
3559, 0.56
3560, 0.15
3561, 0.96
3562, 0.37
3563, 0.15
3564, 0.22
3565, 0.25
3566, 0.52
3567, 0.47
3568, 0.11
3569, 0.98
3570, 0.58
3571, 0.52
3572, 0.10
3573, 0.56
3574, 0.96
3575, 0.42
3576, 0.36
3577, 0.25
3578, 0.49
3579, 0.34
3580, 0.37
3581, 0.66
3582, 0.42
3583, 0.54
3584, 0.57
3585, 0.37
3586, 0.98
3587, 0.22
3588, 0.49
3589, 0.61
3590, 0.31
3591, 0.49
3592, 0.54
3593, 0.31
3594, 0.16
3595, 0.94
3596, 0.09
3597, 0.38
3598, 0.27
3599, 0.60
3600, 0.21
3601, 0.49
3602, 0.08
3603, 0.94
3604, 0.36
3605, 0.37
3606, 0.55
3607, 0.13
3608, 0.34
3609, 0.67
3610, 0.33
3611, 0.59
3612, 0.56
3613, 0.44
3614, 0.57
3615, 0.13
3616, 1.00
3617, 0.60
3618, 0.75
3619, 0.28
3620, 0.41
3621, 0.38
3622, 0.37
3623, 0.98
3624, 0.57
3625, 0.97
3626, 0.49
3627, 0.52
3628, 0.36
3629, 0.37
3630, 0.51
3631, 0.99
3632, 0.60
3633, 0.21
3634, 0.40
3635, 0.36
3636, 0.65
3637, 0.55
3638, 0.47
3639, 0.21
3640, 0.42
3641, 0.53
3642, 0.56
3643, 0.89
3644, 0.95
3645, 0.45
3646, 0.96
3647, 0.55
3648, 0.39
3649, 0.48
3650, 0.09
3651, 0.34
3652, 0.31
3653, 0.99
3654, 0.52
3655, 0.81
3656, 0.20
3657, 0.10
3658, 0.45
3659, 0.56
3660, 0.97
3661, 0.67
3662, 0.49
3663, 0.74
3664, 0.35
3665, 0.46
3666, 0.59
3667, 0.62
3668, 0.42
3669, 0.44
3670, 0.27
3671, 0.52
3672, 0.33
3673, 0.47
3674, 0.48
3675, 0.81
3676, 0.14
3677, 0.55
3678, 0.55
3679, 0.62
3680, 0.64
3681, 0.56
3682, 0.08
3683, 0.31
3684, 0.57
3685, 0.46
3686, 0.58
3687, 0.35
3688, 0.45
3689, 0.48
3690, 0.36
3691, 0.15
3692, 0.43
3693, 0.37
3694, 0.96
3695, 0.52
3696, 0.46
3697, 0.64
3698, 0.46
3699, 0.62
3700, 0.97
3701, 0.40
3702, 0.50
3703, 0.32
3704, 0.45
3705, 0.93
3706, 0.50
3707, 0.61
3708, 0.55
3709, 0.47
3710, 0.14
3711, 0.41
3712, 0.42
3713, 0.34
3714, 0.49
3715, 0.56
3716, 0.40
3717, 0.85
3718, 0.19
3719, 0.32
3720, 0.23
3721, 0.81
3722, 0.55
3723, 0.50
3724, 0.54
3725, 0.33
3726, 0.60
3727, 0.89
3728, 0.56
3729, 0.34
3730, 0.69
3731, 0.32
3732, 0.69
3733, 0.45
3734, 0.29
3735, 0.56
3736, 0.50
3737, 0.57
3738, 0.49
3739, 0.54
3740, 0.66
3741, 0.45
3742, 0.31
3743, 0.53
3744, 0.43
3745, 0.83
3746, 0.38
3747, 1.00
3748, 0.23
3749, 0.64
3750, 0.58
3751, 0.55
3752, 0.56
3753, 0.69
3754, 0.96
3755, 0.44
3756, 0.33
3757, 0.50
3758, 0.94
3759, 0.15
3760, 0.09
3761, 0.13
3762, 0.61
3763, 0.59
3764, 0.20
3765, 0.51
3766, 0.19
3767, 0.31
3768, 0.37
3769, 0.96
3770, 0.46
3771, 0.35
3772, 0.48
3773, 0.45
3774, 0.57
3775, 0.50
3776, 0.48
3777, 0.37
3778, 0.19
3779, 0.64
3780, 0.45
3781, 0.60
3782, 0.65
3783, 0.68
3784, 0.49
3785, 0.37
3786, 0.72
3787, 0.51
3788, 0.49
3789, 0.39
3790, 0.45
3791, 0.44
3792, 0.52
3793, 0.49
3794, 0.41
3795, 0.47
3796, 0.54
3797, 0.43
3798, 0.99
3799, 0.40
3800, 0.99
3801, 0.47
3802, 0.43
3803, 0.86
3804, 0.72
3805, 0.42
3806, 0.45
3807, 0.35
3808, 0.62
3809, 0.51
3810, 0.16
3811, 0.52
3812, 0.33
3813, 0.42
3814, 0.52
3815, 0.95
3816, 0.24
3817, 0.32
3818, 0.13
3819, 0.52
3820, 0.49
3821, 0.51
3822, 0.37
3823, 0.51
3824, 0.44
3825, 0.29
3826, 0.37
3827, 0.60
3828, 0.98
3829, 0.43
3830, 0.50
3831, 0.40
3832, 0.23
3833, 0.51
3834, 0.82
3835, 0.17
3836, 0.96
3837, 0.68
3838, 0.12
3839, 0.58
3840, 0.15
3841, 0.25
3842, 0.50
3843, 0.97
3844, 0.31
3845, 0.22
3846, 0.38
3847, 0.49
3848, 0.29
3849, 0.53
3850, 0.47
3851, 0.53
3852, 0.52
3853, 0.69
3854, 0.43
3855, 0.94
3856, 0.52
3857, 0.93
3858, 0.82
3859, 0.51
3860, 0.46
3861, 1.00
3862, 0.08
3863, 0.46
3864, 0.25
3865, 0.40
3866, 0.47
3867, 0.77
3868, 0.18
3869, 0.39
3870, 0.45
3871, 0.57
3872, 0.57
3873, 1.00
3874, 0.45
3875, 0.96
3876, 0.35
3877, 0.55
3878, 0.49
3879, 0.32
3880, 0.52
3881, 0.36
3882, 0.50
3883, 0.43
3884, 0.40
3885, 0.34
3886, 0.23
3887, 0.43
3888, 0.51
3889, 0.58
3890, 0.53
3891, 0.51
3892, 0.15
3893, 0.29
3894, 0.42
3895, 0.52
3896, 0.44
3897, 0.34
3898, 0.60
3899, 0.27
3900, 0.50
3901, 0.58
3902, 0.36
3903, 0.37
3904, 0.95
3905, 0.45
3906, 0.49
3907, 0.65
3908, 0.97
3909, 0.56
3910, 0.57
3911, 0.30
3912, 0.46
3913, 0.48
3914, 0.43
3915, 0.40
3916, 0.11
3917, 0.31
3918, 0.50
3919, 0.48
3920, 0.42
3921, 0.42
3922, 0.54
3923, 0.46
3924, 0.95
3925, 0.69
3926, 0.31
3927, 0.54
3928, 0.91
3929, 0.92
3930, 0.50
3931, 0.53
3932, 0.71
3933, 0.46
3934, 0.37
3935, 0.73
3936, 0.41
3937, 0.30
3938, 0.50
3939, 0.45
3940, 0.63
3941, 0.57
3942, 0.31
3943, 0.51
3944, 1.00
3945, 0.47
3946, 0.39
3947, 0.39
3948, 0.10
3949, 0.96
3950, 0.56
3951, 0.49
3952, 0.91
3953, 0.42
3954, 0.55
3955, 0.07
3956, 0.29
3957, 0.43
3958, 0.41
3959, 0.99
3960, 0.24
3961, 0.60
3962, 0.37
3963, 0.62
3964, 0.80
3965, 0.95
3966, 0.38
3967, 0.50
3968, 0.37
3969, 0.51
3970, 0.47
3971, 0.32
3972, 0.66
3973, 0.37
3974, 0.36
3975, 0.59
3976, 0.59
3977, 0.59
3978, 0.95
3979, 0.46
3980, 0.47
3981, 0.38
3982, 0.46
3983, 0.98
3984, 0.55
3985, 0.75
3986, 0.36
3987, 0.18
3988, 0.75
3989, 0.45
3990, 0.28
3991, 0.47
3992, 0.54
3993, 0.54
3994, 0.45
3995, 0.31
3996, 0.09
3997, 0.51
3998, 0.45
3999, 0.41
4000, 0.39
4001, 0.30
4002, 0.46
4003, 0.95
4004, 0.59
4005, 0.70
4006, 0.14
4007, 0.55
4008, 0.53
4009, 0.76
4010, 0.35
4011, 0.93
4012, 0.36
4013, 0.51
4014, 0.38
4015, 0.75
4016, 0.28
4017, 0.04
4018, 0.60
4019, 0.49
4020, 0.52
4021, 0.57
4022, 0.60
4023, 0.45
4024, 0.31
4025, 0.69
4026, 0.58
4027, 0.54
4028, 0.58
4029, 0.91
4030, 0.45
4031, 0.11
4032, 0.33
4033, 0.54
4034, 0.37
4035, 0.42
4036, 0.47
4037, 0.39
4038, 0.55
4039, 0.94
4040, 0.63
4041, 0.53
4042, 0.34
4043, 0.61
4044, 0.58
4045, 0.28
4046, 0.71
4047, 0.27
4048, 0.53
4049, 0.63
4050, 0.53
4051, 0.47
4052, 0.49
4053, 0.22
4054, 0.45
4055, 0.42
4056, 0.69
4057, 0.86
4058, 0.99
4059, 0.54
4060, 0.57
4061, 0.11
4062, 0.52
4063, 0.28
4064, 0.29
4065, 0.46
4066, 0.95
4067, 0.25
4068, 1.00
4069, 0.66
4070, 0.11
4071, 0.99
4072, 0.51
4073, 0.92
4074, 0.52
4075, 0.50
4076, 0.39
4077, 0.55
4078, 0.97
4079, 0.41
4080, 0.50
4081, 0.65
4082, 0.57
4083, 0.52
4084, 0.70
4085, 0.50
4086, 0.44
4087, 0.90
4088, 0.55
4089, 0.54
4090, 0.92
4091, 0.87
4092, 0.95
4093, 0.58
4094, 0.64
4095, 0.43
4096, 0.52
4097, 0.50
4098, 0.12
4099, 0.53
4100, 0.23
4101, 0.34
4102, 0.56
4103, 0.44
4104, 0.08
4105, 0.40
4106, 0.70
4107, 0.47
4108, 0.95
4109, 0.14
4110, 0.98
4111, 0.89
4112, 0.83
4113, 0.54
4114, 0.29
4115, 0.33
4116, 0.46
4117, 0.53
4118, 0.41
4119, 0.23
4120, 0.61
4121, 0.52
4122, 0.30
4123, 0.12
4124, 0.61
4125, 0.48
4126, 0.42
4127, 0.22
4128, 0.48
4129, 0.75
4130, 0.63
4131, 0.64
4132, 0.53
4133, 0.92
4134, 0.57
4135, 0.44
4136, 0.41
4137, 0.53
4138, 0.63
4139, 0.49
4140, 0.38
4141, 0.97
4142, 0.18
4143, 0.62
4144, 0.26
4145, 0.50
4146, 0.91
4147, 0.41
4148, 0.09
4149, 0.15
4150, 0.51
4151, 0.51
4152, 0.50
4153, 0.66
4154, 0.72
4155, 0.99
4156, 0.28
4157, 0.52
4158, 0.36
4159, 0.48
4160, 0.34
4161, 0.14
4162, 0.32
4163, 0.50
4164, 0.54
4165, 0.92
4166, 0.55
4167, 0.47
4168, 0.50
4169, 0.47
4170, 0.59
4171, 0.45
4172, 0.37
4173, 0.52
4174, 0.05
4175, 0.18
4176, 0.99
4177, 0.98
4178, 0.71
4179, 0.86
4180, 0.55
4181, 0.48
4182, 0.44
4183, 0.38
4184, 0.48
4185, 0.41
4186, 0.50
4187, 0.34
4188, 0.79
4189, 0.55
4190, 0.21
4191, 0.51
4192, 0.48
4193, 0.96
4194, 0.51
4195, 0.32
4196, 0.66
4197, 0.47
4198, 0.34
4199, 0.45
4200, 0.43
4201, 0.21
4202, 0.48
4203, 0.41
4204, 0.47
4205, 0.11
4206, 0.56
4207, 0.52
4208, 0.69
4209, 0.15
4210, 0.52
4211, 0.29
4212, 0.39
4213, 0.97
4214, 0.32
4215, 0.64
4216, 0.96
4217, 0.23
4218, 0.62
4219, 0.96
4220, 0.45
4221, 0.44
4222, 0.49
4223, 0.30
4224, 0.43
4225, 0.49
4226, 0.04
4227, 0.50
4228, 0.55
4229, 0.46
4230, 0.41
4231, 0.51
4232, 0.89
4233, 0.50
4234, 0.57
4235, 0.42
4236, 0.48
4237, 0.56
4238, 0.28
4239, 0.88
4240, 0.49
4241, 0.51
4242, 0.96
4243, 0.58
4244, 0.57
4245, 0.33
4246, 0.33
4247, 0.99
4248, 0.56
4249, 0.56
4250, 0.25
4251, 0.65
4252, 0.97
4253, 0.43
4254, 0.61
4255, 0.51
4256, 0.64
4257, 0.22
4258, 0.40
4259, 0.34
4260, 0.96
4261, 0.96
4262, 0.41
4263, 0.29
4264, 0.53
4265, 0.46
4266, 1.00
4267, 0.42
4268, 0.99
4269, 0.49
4270, 0.52
4271, 0.01
4272, 0.13
4273, 0.43
4274, 0.20
4275, 0.46
4276, 0.70
4277, 0.03
4278, 0.50
4279, 0.41
4280, 0.60
4281, 0.29
4282, 0.83
4283, 0.39
4284, 0.48
4285, 0.89
4286, 0.54
4287, 0.41
4288, 0.58
4289, 0.51
4290, 0.37
4291, 0.49
4292, 0.43
4293, 0.41
4294, 0.56
4295, 0.67
4296, 0.57
4297, 0.41
4298, 0.18
4299, 0.45
4300, 0.32
4301, 0.54
4302, 0.49
4303, 0.51
4304, 0.62
4305, 0.94
4306, 0.74
4307, 0.42
4308, 0.29
4309, 0.50
4310, 0.50
4311, 0.41
4312, 0.26
4313, 0.50
4314, 0.38
4315, 0.44
4316, 0.18
4317, 0.11
4318, 0.36
4319, 0.10
4320, 0.54
4321, 0.93
4322, 0.44
4323, 0.87
4324, 0.37
4325, 0.35
4326, 0.38
4327, 0.54
4328, 0.46
4329, 0.51
4330, 0.54
4331, 0.15
4332, 0.80
4333, 1.00
4334, 0.49
4335, 0.59
4336, 0.46
4337, 0.02
4338, 0.69
4339, 0.95
4340, 0.99
4341, 0.48
4342, 0.65
4343, 0.25
4344, 0.30
4345, 0.51
4346, 0.39
4347, 0.44
4348, 0.26
4349, 0.41
4350, 0.49
4351, 0.51
4352, 0.14
4353, 0.98
4354, 0.52
4355, 0.46
4356, 0.41
4357, 0.66
4358, 0.42
4359, 0.58
4360, 0.56
4361, 0.38
4362, 0.39
4363, 0.96
4364, 0.34
4365, 0.87
4366, 0.40
4367, 0.96
4368, 0.99
4369, 0.57
4370, 0.54
4371, 0.21
4372, 0.49
4373, 0.36
4374, 0.44
4375, 0.17
4376, 0.42
4377, 0.29
4378, 0.29
4379, 0.51
4380, 0.50
4381, 0.51
4382, 0.44
4383, 0.51
4384, 0.45
4385, 0.35
4386, 0.53
4387, 0.54
4388, 0.99
4389, 0.68
4390, 0.12
4391, 0.24
4392, 0.48
4393, 0.02
4394, 0.49
4395, 0.56
4396, 0.58
4397, 0.52
4398, 0.32
4399, 0.44
4400, 0.99
4401, 0.25
4402, 0.53
4403, 0.53
4404, 0.41
4405, 0.57
4406, 0.31
4407, 0.08
4408, 0.99
4409, 0.08
4410, 0.61
4411, 0.41
4412, 0.60
4413, 0.68
4414, 0.40
4415, 0.22
4416, 0.48
4417, 0.63
4418, 0.20
4419, 0.34
4420, 0.47
4421, 0.05
4422, 0.58
4423, 0.46
4424, 0.93
4425, 0.57
4426, 0.59
4427, 0.22
4428, 0.07
4429, 0.69
4430, 0.51
4431, 0.33
4432, 0.61
4433, 0.46
4434, 0.37
4435, 0.52
4436, 0.43
4437, 0.54
4438, 0.45
4439, 0.91
4440, 0.97
4441, 0.58
4442, 0.42
4443, 0.54
4444, 0.01
4445, 0.44
4446, 0.55
4447, 0.92
4448, 0.61
4449, 0.61
4450, 0.57
4451, 0.46
4452, 0.47
4453, 0.64
4454, 0.29
4455, 0.47
4456, 0.43
4457, 0.56
4458, 0.98
4459, 0.60
4460, 0.57
4461, 0.44
4462, 0.33
4463, 0.13
4464, 0.20
4465, 0.60
4466, 0.40
4467, 0.32
4468, 0.57
4469, 0.82
4470, 0.87
4471, 0.12
4472, 0.19
4473, 0.43
4474, 0.14
4475, 0.66
4476, 0.96
4477, 0.34
4478, 0.99
4479, 0.51
4480, 0.61
4481, 0.67
4482, 0.38
4483, 0.51
4484, 0.46
4485, 0.34
4486, 0.38
4487, 0.53
4488, 0.56
4489, 0.51
4490, 0.15
4491, 0.58
4492, 0.49
4493, 0.47
4494, 0.34
4495, 0.89
4496, 0.44
4497, 0.40
4498, 0.95
4499, 0.21
4500, 0.07
4501, 0.78
4502, 0.85
4503, 0.53
4504, 0.59
4505, 0.67
4506, 0.40
4507, 0.50
4508, 0.49
4509, 0.57
4510, 0.61
4511, 0.50
4512, 0.44
4513, 0.47
4514, 0.52
4515, 0.29
4516, 0.29
4517, 0.78
4518, 0.50
4519, 0.43
4520, 0.48
4521, 0.11
4522, 0.43
4523, 0.94
4524, 0.43
4525, 0.33
4526, 0.28
4527, 0.99
4528, 0.42
4529, 0.46
4530, 0.32
4531, 0.51
4532, 0.52
4533, 0.51
4534, 0.97
4535, 0.58
4536, 0.35
4537, 0.97
4538, 0.41
4539, 0.21
4540, 0.38
4541, 0.54
4542, 0.06
4543, 0.40
4544, 0.41
4545, 1.00
4546, 0.40
4547, 0.39
4548, 0.39
4549, 0.31
4550, 0.55
4551, 0.38
4552, 0.30
4553, 0.97
4554, 0.46
4555, 0.54
4556, 0.58
4557, 0.45
4558, 0.53
4559, 0.49
4560, 0.59
4561, 0.58
4562, 0.53
4563, 0.93
4564, 0.92
4565, 0.60
4566, 0.56
4567, 0.46
4568, 0.65
4569, 0.61
4570, 0.20
4571, 0.56
4572, 0.37
4573, 0.57
4574, 0.26
4575, 0.89
4576, 0.88
4577, 0.38
4578, 0.13
4579, 0.54
4580, 0.16
4581, 0.83
4582, 0.82
4583, 0.74
4584, 0.34
4585, 1.00
4586, 0.42
4587, 0.98
4588, 0.75
4589, 0.31
4590, 0.13
4591, 0.38
4592, 0.69
4593, 0.24
4594, 0.57
4595, 0.90
4596, 0.50
4597, 0.49
4598, 0.27
4599, 0.45
4600, 0.47
4601, 0.08
4602, 0.49
4603, 0.30
4604, 0.48
4605, 0.59
4606, 0.40
4607, 0.26
4608, 0.36
4609, 0.58
4610, 0.22
4611, 0.57
4612, 0.50
4613, 0.10
4614, 0.36
4615, 0.18
4616, 0.49
4617, 0.83
4618, 0.96
4619, 0.19
4620, 0.44
4621, 0.41
4622, 0.85
4623, 0.82
4624, 0.62
4625, 0.53
4626, 0.91
4627, 0.03
4628, 0.20
4629, 0.82
4630, 0.69
4631, 0.27
4632, 0.44
4633, 0.31
4634, 0.64
4635, 0.39
4636, 0.99
4637, 0.57
4638, 0.59
4639, 1.00
4640, 0.98
4641, 0.57
4642, 0.20
4643, 0.66
4644, 0.51
4645, 0.21
4646, 0.49
4647, 0.54
4648, 0.67
4649, 0.66
4650, 0.20
4651, 0.63
4652, 0.73
4653, 0.48
4654, 0.47
4655, 0.57
4656, 0.98
4657, 0.43
4658, 0.55
4659, 0.12
4660, 0.33
4661, 0.58
4662, 0.67
4663, 0.21
4664, 0.83
4665, 0.47
4666, 0.59
4667, 0.88
4668, 0.47
4669, 0.45
4670, 0.35
4671, 0.53
4672, 0.82
4673, 0.21
4674, 0.96
4675, 0.26
4676, 0.19
4677, 0.42
4678, 0.02
4679, 0.13
4680, 0.39
4681, 0.74
4682, 0.95
4683, 0.90
4684, 0.90
4685, 0.66
4686, 0.07
4687, 0.45
4688, 0.23
4689, 0.56
4690, 0.94
4691, 0.33
4692, 0.47
4693, 0.72
4694, 0.48
4695, 0.51
4696, 0.13
4697, 0.39
4698, 0.27
4699, 0.51
4700, 0.82
4701, 0.82
4702, 0.43
4703, 0.43
4704, 0.18
4705, 0.57
4706, 0.60
4707, 0.79
4708, 0.96
4709, 0.87
4710, 0.47
4711, 0.40
4712, 0.10
4713, 0.70
4714, 0.26
4715, 0.32
4716, 0.76
4717, 0.30
4718, 1.00
4719, 0.74
4720, 0.47
4721, 0.67
4722, 0.32
4723, 0.50
4724, 0.42
4725, 0.16
4726, 0.36
4727, 0.38
4728, 0.73
4729, 0.41
4730, 0.70
4731, 0.55
4732, 0.57
4733, 0.53
4734, 0.58
4735, 0.45
4736, 0.42
4737, 0.57
4738, 0.73
4739, 0.76
4740, 0.39
4741, 0.60
4742, 0.68
4743, 0.76
4744, 0.75
4745, 0.33
4746, 0.57
4747, 0.67
4748, 0.50
4749, 0.96
4750, 0.54
4751, 0.38
4752, 0.41
4753, 0.53
4754, 0.51
4755, 0.94
4756, 0.33
4757, 0.68
4758, 0.88
4759, 0.30
4760, 0.53
4761, 0.24
4762, 0.94
4763, 0.24
4764, 0.05
4765, 0.41
4766, 0.15
4767, 0.53
4768, 0.46
4769, 0.43
4770, 0.54
4771, 0.96
4772, 0.51
4773, 0.51
4774, 0.37
4775, 0.56
4776, 0.51
4777, 0.35
4778, 0.70
4779, 0.46
4780, 0.61
4781, 0.98
4782, 0.29
4783, 0.99
4784, 0.82
4785, 0.98
4786, 0.64
4787, 0.98
4788, 0.41
4789, 0.47
4790, 0.51
4791, 0.61
4792, 0.57
4793, 0.47
4794, 0.13
4795, 0.97
4796, 0.92
4797, 0.63
4798, 0.09
4799, 0.30
4800, 0.46
4801, 0.36
4802, 0.24
4803, 0.34
4804, 0.44
4805, 0.37
4806, 0.65
4807, 0.46
4808, 0.54
4809, 0.49
4810, 0.57
4811, 0.43
4812, 0.39
4813, 0.37
4814, 0.05
4815, 0.45
4816, 0.36
4817, 0.45
4818, 0.41
4819, 0.41
4820, 0.93
4821, 0.51
4822, 0.09
4823, 0.21
4824, 0.51
4825, 0.12
4826, 0.45
4827, 0.56
4828, 0.59
4829, 0.97
4830, 0.59
4831, 0.71
4832, 0.23
4833, 0.87
4834, 0.33
4835, 0.57
4836, 0.89
4837, 0.21
4838, 0.24
4839, 0.09
4840, 0.58
4841, 0.57
4842, 0.34
4843, 0.44
4844, 0.60
4845, 0.51
4846, 0.86
4847, 0.50
4848, 0.96
4849, 0.54
4850, 0.59
4851, 0.07
4852, 0.82
4853, 0.55
4854, 0.28
4855, 0.40
4856, 0.04
4857, 0.72
4858, 0.57
4859, 0.19
4860, 0.65
4861, 0.22
4862, 0.56
4863, 0.42
4864, 0.86
4865, 0.19
4866, 0.75
4867, 0.40
4868, 0.08
4869, 0.52
4870, 0.56
4871, 0.94
4872, 0.61
4873, 0.67
4874, 0.39
4875, 0.42
4876, 0.43
4877, 0.91
4878, 0.57
4879, 0.31
4880, 0.70
4881, 0.56
4882, 0.95
4883, 0.82
4884, 0.43
4885, 0.23
4886, 0.58
4887, 0.58
4888, 0.36
4889, 0.60
4890, 0.52
4891, 0.51
4892, 0.22
4893, 0.19
4894, 0.13
4895, 0.62
4896, 0.63
4897, 0.55
4898, 0.46
4899, 0.66
4900, 0.60
4901, 0.54
4902, 0.32
4903, 0.67
4904, 0.58
4905, 0.58
4906, 0.90
4907, 0.74
4908, 0.21
4909, 0.64
4910, 0.49
4911, 0.73
4912, 0.96
4913, 0.49
4914, 0.48
4915, 0.97
4916, 0.90
4917, 0.37
4918, 0.55
4919, 0.31
4920, 0.25
4921, 0.22
4922, 0.11
4923, 0.95
4924, 0.44
4925, 0.61
4926, 0.23
4927, 0.52
4928, 0.44
4929, 0.90
4930, 0.70
4931, 0.51
4932, 0.28
4933, 0.24
4934, 0.34
4935, 0.41
4936, 0.46
4937, 0.72
4938, 0.60
4939, 0.50
4940, 0.46
4941, 0.64
4942, 0.63
4943, 0.51
4944, 1.00
4945, 0.42
4946, 0.60
4947, 0.34
4948, 0.04
4949, 0.37
4950, 0.59
4951, 0.43
4952, 0.48
4953, 0.54
4954, 0.29
4955, 0.27
4956, 0.45
4957, 0.55
4958, 0.34
4959, 0.47
4960, 0.44
4961, 0.99
4962, 0.21
4963, 0.36
4964, 0.54
4965, 0.66
4966, 0.66
4967, 0.46
4968, 0.47
4969, 0.86
4970, 0.31
4971, 0.59
4972, 0.26
4973, 0.39
4974, 0.53
4975, 0.74
4976, 0.42
4977, 0.44
4978, 0.21
4979, 0.30
4980, 0.42
4981, 0.53
4982, 0.43
4983, 0.65
4984, 0.37
4985, 0.64
4986, 0.65
4987, 0.45
4988, 0.95
4989, 0.48
4990, 0.03
4991, 0.78
4992, 0.26
4993, 0.54
4994, 0.55
4995, 0.52
4996, 0.41
4997, 0.15
4998, 0.42
4999, 0.66
5000, 0.96
5001, 0.30
5002, 0.50
5003, 0.50
5004, 0.39
5005, 0.41
5006, 0.67
5007, 0.37
5008, 0.46
5009, 0.43
5010, 0.42
5011, 0.06
5012, 0.36
5013, 0.46
5014, 0.96
5015, 0.28
5016, 0.37
5017, 0.37
5018, 0.62
5019, 0.62
5020, 0.51
5021, 0.11
5022, 0.59
5023, 0.93
5024, 0.57
5025, 0.45
5026, 0.42
5027, 0.60
5028, 0.32
5029, 0.10
5030, 0.40
5031, 0.27
5032, 0.42
5033, 0.70
5034, 0.07
5035, 0.45
5036, 0.50
5037, 0.22
5038, 0.68
5039, 0.33
5040, 0.61
5041, 0.46
5042, 0.99
5043, 0.13
5044, 0.52
5045, 0.48
5046, 0.39
5047, 0.39
5048, 0.56
5049, 0.38
5050, 0.59
5051, 0.46
5052, 0.33
5053, 0.99
5054, 0.54
5055, 0.56
5056, 0.47
5057, 0.17
5058, 0.36
5059, 0.99
5060, 0.99
5061, 0.38
5062, 0.75
5063, 0.58
5064, 0.40
5065, 0.08
5066, 0.45
5067, 0.52
5068, 0.79
5069, 0.55
5070, 0.74
5071, 0.44
5072, 0.30
5073, 0.77
5074, 0.29
5075, 0.47
5076, 0.29
5077, 0.55
5078, 0.99
5079, 0.93
5080, 0.52
5081, 0.24
5082, 0.38
5083, 0.60
5084, 0.54
5085, 0.92
5086, 0.49
5087, 0.42
5088, 0.74
5089, 0.99
5090, 0.52
5091, 0.46
5092, 0.57
5093, 0.44
5094, 0.18
5095, 0.54
5096, 0.43
5097, 0.23
5098, 0.46
5099, 0.43
5100, 0.63
5101, 0.70
5102, 0.18
5103, 0.61
5104, 0.45
5105, 0.56
5106, 0.46
5107, 0.52
5108, 0.48
5109, 1.00
5110, 0.20
5111, 0.46
5112, 0.45
5113, 0.27
5114, 0.40
5115, 0.45
5116, 0.20
5117, 0.96
5118, 0.53
5119, 0.55
5120, 0.72
5121, 0.46
5122, 0.43
5123, 0.38
5124, 0.48
5125, 0.90
5126, 0.65
5127, 0.06
5128, 0.49
5129, 0.46
5130, 0.62
5131, 0.09
5132, 0.38
5133, 0.52
5134, 0.54
5135, 0.59
5136, 0.25
5137, 0.48
5138, 0.69
5139, 0.47
5140, 0.97
5141, 0.67
5142, 0.93
5143, 0.43
5144, 0.48
5145, 0.69
5146, 0.51
5147, 0.38
5148, 0.57
5149, 0.52
5150, 0.60
5151, 0.45
5152, 0.01
5153, 0.53
5154, 0.07
5155, 0.20
5156, 0.19
5157, 0.51
5158, 0.55
5159, 0.60
5160, 0.18
5161, 0.61
5162, 0.42
5163, 0.43
5164, 0.70
5165, 0.47
5166, 0.44
5167, 0.46
5168, 0.38
5169, 0.49
5170, 0.46
5171, 0.41
5172, 0.20
5173, 0.38
5174, 0.58
5175, 0.15
5176, 0.96
5177, 0.59
5178, 0.65
5179, 0.30
5180, 0.78
5181, 0.92
5182, 0.16
5183, 0.40
5184, 0.98
5185, 0.91
5186, 0.45
5187, 0.18
5188, 0.20
5189, 0.40
5190, 0.62
5191, 0.40
5192, 0.44
5193, 0.27
5194, 0.55
5195, 0.97
5196, 0.47
5197, 0.01
5198, 0.54
5199, 0.57
5200, 1.00
5201, 0.47
5202, 0.50
5203, 0.51
5204, 0.17
5205, 0.52
5206, 0.46
5207, 0.96
5208, 0.46
5209, 0.43
5210, 0.48
5211, 0.47
5212, 0.50
5213, 0.90
5214, 0.29
5215, 0.37
5216, 0.16
5217, 0.39
5218, 0.21
5219, 0.41
5220, 0.57
5221, 0.22
5222, 0.14
5223, 0.41
5224, 0.47
5225, 0.41
5226, 0.38
5227, 0.19
5228, 0.57
5229, 0.07
5230, 0.43
5231, 0.49
5232, 0.58
5233, 0.42
5234, 0.25
5235, 0.67
5236, 0.40
5237, 0.46
5238, 0.14
5239, 0.48
5240, 0.64
5241, 0.61
5242, 0.10
5243, 0.38
5244, 0.95
5245, 0.50
5246, 0.94
5247, 0.57
5248, 0.49
5249, 0.37
5250, 0.49
5251, 0.56
5252, 0.48
5253, 0.25
5254, 0.15
5255, 0.31
5256, 0.62
5257, 0.10
5258, 0.47
5259, 0.42
5260, 0.51
5261, 0.99
5262, 0.45
5263, 0.75
5264, 0.42
5265, 0.47
5266, 0.58
5267, 0.92
5268, 0.16
5269, 0.56
5270, 0.56
5271, 0.46
5272, 0.96
5273, 0.61
5274, 0.65
5275, 0.29
5276, 0.47
5277, 0.22
5278, 0.40
5279, 0.59
5280, 0.48
5281, 0.99
5282, 0.50
5283, 0.92
5284, 0.63
5285, 0.46
5286, 0.09
5287, 0.55
5288, 0.86
5289, 0.71
5290, 0.52
5291, 0.99
5292, 0.40
5293, 0.45
5294, 0.14
5295, 0.25
5296, 0.07
5297, 0.52
5298, 0.42
5299, 0.86
5300, 0.58
5301, 0.59
5302, 0.42
5303, 0.80
5304, 0.70
5305, 0.46
5306, 0.42
5307, 0.44
5308, 0.84
5309, 0.46
5310, 0.32
5311, 0.45
5312, 0.35
5313, 0.43
5314, 0.74
5315, 0.81
5316, 0.48
5317, 0.08
5318, 0.48
5319, 0.91
5320, 0.94
5321, 0.47
5322, 0.65
5323, 0.31
5324, 0.48
5325, 0.29
5326, 0.54
5327, 0.69
5328, 0.35
5329, 0.20
5330, 0.55
5331, 0.44
5332, 0.14
5333, 0.36
5334, 0.21
5335, 0.39
5336, 0.51
5337, 0.41
5338, 0.30
5339, 0.02
5340, 0.28
5341, 0.76
5342, 0.38
5343, 0.37
5344, 0.40
5345, 0.48
5346, 0.41
5347, 0.53
5348, 0.59
5349, 0.69
5350, 0.43
5351, 0.87
5352, 0.68
5353, 0.41
5354, 0.42
5355, 0.97
5356, 0.99
5357, 0.43
5358, 0.50
5359, 0.46
5360, 0.42
5361, 0.51
5362, 0.55
5363, 0.48
5364, 0.47
5365, 0.54
5366, 0.57
5367, 0.99
5368, 0.44
5369, 0.51
5370, 0.99
5371, 0.59
5372, 0.23
5373, 0.41
5374, 0.26
5375, 0.58
5376, 0.06
5377, 0.81
5378, 0.54
5379, 0.27
5380, 0.69
5381, 0.17
5382, 0.36
5383, 0.40
5384, 0.57
5385, 0.45
5386, 0.52
5387, 0.37
5388, 0.02
5389, 0.41
5390, 0.37
5391, 0.36
5392, 0.40
5393, 0.81
5394, 0.51
5395, 0.33
5396, 0.99
5397, 0.35
5398, 0.56
5399, 0.66
5400, 0.47
5401, 0.09
5402, 0.37
5403, 0.46
5404, 0.43
5405, 0.19
5406, 0.66
5407, 0.11
5408, 0.42
5409, 0.42
5410, 0.42
5411, 0.27
5412, 0.81
5413, 0.43
5414, 0.89
5415, 0.42
5416, 0.55
5417, 0.46
5418, 0.15
5419, 0.87
5420, 0.32
5421, 0.58
5422, 0.41
5423, 0.46
5424, 0.30
5425, 0.53
5426, 0.55
5427, 0.44
5428, 0.38
5429, 0.59
5430, 0.43
5431, 0.34
5432, 0.52
5433, 0.48
5434, 0.99
5435, 0.56
5436, 0.45
5437, 0.53
5438, 0.56
5439, 0.41
5440, 0.53
5441, 0.66
5442, 0.57
5443, 0.45
5444, 0.42
5445, 0.44
5446, 0.80
5447, 0.55
5448, 0.45
5449, 0.33
5450, 0.32
5451, 0.57
5452, 0.36
5453, 0.91
5454, 0.71
5455, 0.95
5456, 0.69
5457, 0.92
5458, 0.65
5459, 0.95
5460, 0.45
5461, 0.48
5462, 0.21
5463, 0.53
5464, 0.54
5465, 0.60
5466, 0.56
5467, 0.28
5468, 0.40
5469, 0.28
5470, 0.37
5471, 0.47
5472, 0.75
5473, 0.51
5474, 0.49
5475, 0.22
5476, 0.41
5477, 0.55
5478, 0.52
5479, 0.93
5480, 0.33
5481, 0.71
5482, 0.25
5483, 0.61
5484, 0.59
5485, 0.02
5486, 0.77
5487, 0.92
5488, 0.06
5489, 0.45
5490, 0.99
5491, 0.60
5492, 0.68
5493, 0.41
5494, 0.55
5495, 0.35
5496, 0.98
5497, 0.51
5498, 0.42
5499, 0.50
5500, 0.98
5501, 0.60
5502, 0.39
5503, 0.47
5504, 0.48
5505, 0.62
5506, 0.63
5507, 0.68
5508, 0.61
5509, 0.36
5510, 0.72
5511, 0.44
5512, 0.61
5513, 0.68
5514, 0.99
5515, 0.60
5516, 0.56
5517, 0.45
5518, 0.17
5519, 0.51
5520, 0.80
5521, 0.49
5522, 0.53
5523, 0.52
5524, 0.95
5525, 0.55
5526, 0.38
5527, 0.56
5528, 0.14
5529, 0.60
5530, 0.05
5531, 0.21
5532, 0.37
5533, 0.52
5534, 0.43
5535, 0.56
5536, 0.28
5537, 0.67
5538, 0.99
5539, 0.75
5540, 0.13
5541, 0.01
5542, 0.96
5543, 0.38
5544, 0.97
5545, 0.22
5546, 0.58
5547, 0.40
5548, 0.32
5549, 0.23
5550, 0.11
5551, 0.56
5552, 0.47
5553, 0.29
5554, 0.70
5555, 0.67
5556, 0.49
5557, 0.45
5558, 0.46
5559, 0.33
5560, 0.59
5561, 0.06
5562, 0.66
5563, 0.56
5564, 0.52
5565, 0.31
5566, 0.25
5567, 0.10
5568, 0.31
5569, 0.46
5570, 0.29
5571, 0.57
5572, 0.92
5573, 0.94
5574, 0.45
5575, 0.49
5576, 0.37
5577, 0.26
5578, 0.61
5579, 0.21
5580, 0.57
5581, 0.48
5582, 0.40
5583, 0.64
5584, 0.46
5585, 0.75
5586, 0.47
5587, 0.10
5588, 0.56
5589, 0.65
5590, 0.53
5591, 0.53
5592, 0.46
5593, 0.64
5594, 0.92
5595, 0.58
5596, 0.35
5597, 0.43
5598, 0.58
5599, 0.91
5600, 0.51
5601, 0.51
5602, 0.54
5603, 0.63
5604, 0.43
5605, 0.94
5606, 0.12
5607, 0.49
5608, 0.13
5609, 0.40
5610, 0.28
5611, 0.59
5612, 0.64
5613, 0.07
5614, 0.47
5615, 0.12
5616, 0.05
5617, 0.45
5618, 0.51
5619, 0.42
5620, 0.38
5621, 1.00
5622, 0.13
5623, 0.32
5624, 0.61
5625, 0.41
5626, 0.28
5627, 0.53
5628, 0.42
5629, 0.47
5630, 0.54
5631, 0.57
5632, 0.48
5633, 0.96
5634, 0.38
5635, 0.95
5636, 0.02
5637, 0.42
5638, 0.47
5639, 0.36
5640, 0.57
5641, 0.54
5642, 0.75
5643, 0.66
5644, 0.98
5645, 0.09
5646, 0.22
5647, 0.17
5648, 0.34
5649, 0.47
5650, 0.58
5651, 0.33
5652, 0.49
5653, 0.16
5654, 0.15
5655, 0.68
5656, 0.47
5657, 0.67
5658, 0.93
5659, 0.48
5660, 0.64
5661, 0.23
5662, 0.97
5663, 0.56
5664, 0.45
5665, 0.41
5666, 0.82
5667, 0.73
5668, 0.38
5669, 0.43
5670, 0.47
5671, 0.65
5672, 0.70
5673, 0.11
5674, 0.43
5675, 0.99
5676, 0.47
5677, 0.34
5678, 0.52
5679, 0.49
5680, 0.33
5681, 0.15
5682, 0.50
5683, 0.58
5684, 0.91
5685, 0.70
5686, 0.48
5687, 0.92
5688, 0.85
5689, 0.58
5690, 0.14
5691, 0.61
5692, 0.61
5693, 0.53
5694, 0.34
5695, 0.18
5696, 0.08
5697, 0.41
5698, 0.57
5699, 0.48
5700, 0.12
5701, 0.92
5702, 0.50
5703, 0.99
5704, 0.94
5705, 0.85
5706, 0.67
5707, 0.19
5708, 0.52
5709, 0.55
5710, 0.88
5711, 0.25
5712, 0.65
5713, 0.35
5714, 0.45
5715, 0.46
5716, 0.67
5717, 0.56
5718, 0.39
5719, 0.17
5720, 0.53
5721, 0.50
5722, 0.53
5723, 0.53
5724, 0.45
5725, 0.41
5726, 0.36
5727, 0.12
5728, 0.38
5729, 0.24
5730, 0.59
5731, 0.53
5732, 0.56
5733, 0.87
5734, 0.63
5735, 0.30
5736, 0.91
5737, 0.57
5738, 0.55
5739, 0.98
5740, 0.11
5741, 0.57
5742, 0.45
5743, 0.60
5744, 0.15
5745, 0.65
5746, 0.70
5747, 0.79
5748, 0.28
5749, 0.92
5750, 0.55
5751, 0.96
5752, 0.56
5753, 0.32
5754, 0.46
5755, 0.48
5756, 0.61
5757, 0.72
5758, 0.51
5759, 0.50
5760, 0.16
5761, 0.43
5762, 0.48
5763, 0.36
5764, 0.23
5765, 0.50
5766, 0.34
5767, 0.42
5768, 0.38
5769, 1.00
5770, 0.60
5771, 0.40
5772, 0.39
5773, 0.61
5774, 0.57
5775, 0.54
5776, 0.70
5777, 0.52
5778, 0.24
5779, 0.25
5780, 0.44
5781, 0.30
5782, 0.58
5783, 0.35
5784, 0.45
5785, 0.46
5786, 0.86
5787, 0.49
5788, 0.53
5789, 0.15
5790, 0.87
5791, 0.17
5792, 0.42
5793, 0.57
5794, 0.11
5795, 0.43
5796, 0.12
5797, 0.28
5798, 0.53
5799, 0.46
5800, 0.07
5801, 0.16
5802, 0.41
5803, 0.32
5804, 0.57
5805, 1.00
5806, 0.57
5807, 0.57
5808, 0.12
5809, 0.31
5810, 0.61
5811, 0.44
5812, 0.29
5813, 0.64
5814, 0.52
5815, 0.11
5816, 0.50
5817, 0.34
5818, 0.95
5819, 0.46
5820, 0.50
5821, 0.40
5822, 0.43
5823, 0.45
5824, 0.77
5825, 0.74
5826, 0.94
5827, 0.49
5828, 0.47
5829, 0.60
5830, 0.42
5831, 0.44
5832, 0.53
5833, 0.63
5834, 0.40
5835, 0.18
5836, 0.17
5837, 0.77
5838, 0.52
5839, 0.77
5840, 0.12
5841, 0.58
5842, 0.52
5843, 0.98
5844, 0.61
5845, 0.96
5846, 0.54
5847, 0.19
5848, 0.52
5849, 0.26
5850, 0.27
5851, 0.48
5852, 0.53
5853, 0.48
5854, 0.21
5855, 0.63
5856, 0.50
5857, 0.55
5858, 0.51
5859, 0.35
5860, 0.62
5861, 0.11
5862, 0.31
5863, 0.71
5864, 0.97
5865, 0.64
5866, 0.46
5867, 0.95
5868, 0.40
5869, 0.46
5870, 0.31
5871, 0.56
5872, 0.53
5873, 0.73
5874, 0.38
5875, 0.37
5876, 0.06
5877, 0.91
5878, 0.64
5879, 0.39
5880, 0.62
5881, 0.14
5882, 0.12
5883, 0.93
5884, 0.72
5885, 0.36
5886, 0.53
5887, 0.68
5888, 0.40
5889, 0.50
5890, 0.69
5891, 0.41
5892, 0.38
5893, 0.35
5894, 0.48
5895, 0.32
5896, 0.68
5897, 0.61
5898, 0.71
5899, 0.27
5900, 0.41
5901, 0.30
5902, 0.41
5903, 0.60
5904, 0.37
5905, 0.52
5906, 0.51
5907, 0.52
5908, 0.30
5909, 0.28
5910, 0.99
5911, 0.04
5912, 0.35
5913, 0.92
5914, 0.41
5915, 0.22
5916, 0.20
5917, 0.55
5918, 0.22
5919, 0.51
5920, 0.47
5921, 0.73
5922, 0.42
5923, 0.81
5924, 0.28
5925, 0.38
5926, 0.71
5927, 0.07
5928, 0.51
5929, 0.57
5930, 0.80
5931, 0.55
5932, 0.59
5933, 0.89
5934, 0.52
5935, 0.30
5936, 0.05
5937, 0.52
5938, 0.50
5939, 0.24
5940, 0.22
5941, 0.86
5942, 0.41
5943, 0.35
5944, 0.65
5945, 0.94
5946, 0.47
5947, 0.42
5948, 0.49
5949, 0.63
5950, 0.09
5951, 0.64
5952, 0.52
5953, 0.18
5954, 0.40
5955, 0.42
5956, 0.45
5957, 0.09
5958, 0.41
5959, 0.27
5960, 0.33
5961, 0.55
5962, 0.53
5963, 0.67
5964, 0.53
5965, 0.67
5966, 0.49
5967, 0.44
5968, 0.46
5969, 0.24
5970, 0.57
5971, 0.47
5972, 0.76
5973, 0.30
5974, 0.40
5975, 0.57
5976, 0.03
5977, 0.12
5978, 0.51
5979, 0.37
5980, 0.57
5981, 0.48
5982, 0.53
5983, 0.58
5984, 0.61
5985, 0.55
5986, 0.52
5987, 0.42
5988, 0.95
5989, 0.44
5990, 0.96
5991, 0.93
5992, 0.45
5993, 0.46
5994, 0.50
5995, 0.96
5996, 0.33
5997, 0.40
5998, 0.53
5999, 0.43
6000, 0.99
6001, 0.49
6002, 0.98
6003, 0.83
6004, 0.33
6005, 0.44
6006, 0.16
6007, 0.34
6008, 0.66
6009, 0.50
6010, 0.44
6011, 0.48
6012, 0.47
6013, 0.38
6014, 0.44
6015, 0.46
6016, 0.38
6017, 0.45
6018, 0.68
6019, 0.50
6020, 0.41
6021, 0.37
6022, 0.11
6023, 0.44
6024, 0.38
6025, 0.46
6026, 0.31
6027, 0.80
6028, 0.57
6029, 0.37
6030, 0.68
6031, 0.42
6032, 0.96
6033, 0.54
6034, 0.46
6035, 0.35
6036, 0.94
6037, 0.52
6038, 0.55
6039, 0.44
6040, 0.40
6041, 0.15
6042, 0.57
6043, 0.77
6044, 0.66
6045, 0.22
6046, 0.73
6047, 0.97
6048, 0.60
6049, 0.27
6050, 0.99
6051, 0.41
6052, 0.68
6053, 0.44
6054, 0.58
6055, 0.53
6056, 0.51
6057, 0.66
6058, 0.98
6059, 0.58
6060, 0.40
6061, 0.57
6062, 0.66
6063, 0.38
6064, 0.65
6065, 0.60
6066, 0.60
6067, 0.39
6068, 0.75
6069, 0.50
6070, 0.47
6071, 0.98
6072, 0.40
6073, 0.71
6074, 0.25
6075, 0.38
6076, 0.14
6077, 0.66
6078, 0.62
6079, 0.21
6080, 0.30
6081, 0.36
6082, 0.57
6083, 0.53
6084, 0.60
6085, 0.50
6086, 0.21
6087, 0.40
6088, 0.52
6089, 0.51
6090, 0.28
6091, 0.57
6092, 0.31
6093, 0.69
6094, 0.37
6095, 0.47
6096, 0.64
6097, 0.45
6098, 0.18
6099, 0.55
6100, 0.61
6101, 0.31
6102, 0.29
6103, 0.97
6104, 0.16
6105, 0.22
6106, 0.59
6107, 0.49
6108, 0.24
6109, 0.33
6110, 0.50
6111, 0.54
6112, 0.16
6113, 0.62
6114, 0.52
6115, 0.63
6116, 0.55
6117, 0.66
6118, 0.55
6119, 0.32
6120, 0.16
6121, 0.92
6122, 0.09
6123, 0.04
6124, 0.51
6125, 0.58
6126, 0.43
6127, 0.49
6128, 0.63
6129, 0.40
6130, 0.58
6131, 0.89
6132, 0.37
6133, 0.61
6134, 0.30
6135, 0.50
6136, 0.54
6137, 0.51
6138, 0.57
6139, 0.90
6140, 0.66
6141, 0.79
6142, 0.97
6143, 0.36
6144, 0.34
6145, 0.55
6146, 0.63
6147, 0.32
6148, 0.53
6149, 0.38
6150, 0.51
6151, 0.42
6152, 0.38
6153, 0.57
6154, 0.93
6155, 0.24
6156, 0.05
6157, 0.46
6158, 0.23
6159, 0.12
6160, 0.48
6161, 0.02
6162, 0.58
6163, 0.48
6164, 0.49
6165, 0.58
6166, 0.48
6167, 0.45
6168, 0.44
6169, 0.28
6170, 0.44
6171, 0.99
6172, 0.38
6173, 0.62
6174, 0.34
6175, 0.63
6176, 0.29
6177, 0.55
6178, 0.12
6179, 0.39
6180, 0.62
6181, 0.09
6182, 0.99
6183, 0.53
6184, 0.39
6185, 0.46
6186, 0.54
6187, 0.65
6188, 0.39
6189, 0.96
6190, 0.71
6191, 0.44
6192, 0.48
6193, 0.80
6194, 0.18
6195, 0.51
6196, 0.53
6197, 0.92
6198, 0.58
6199, 0.65
6200, 0.44
6201, 0.68
6202, 0.22
6203, 0.05
6204, 0.93
6205, 0.56
6206, 0.71
6207, 0.48
6208, 0.38
6209, 0.31
6210, 0.15
6211, 0.48
6212, 0.38
6213, 0.17
6214, 0.68
6215, 0.26
6216, 0.42
6217, 0.55
6218, 0.12
6219, 1.00
6220, 0.49
6221, 0.46
6222, 0.52
6223, 0.99
6224, 0.40
6225, 0.45
6226, 0.65
6227, 0.47
6228, 0.50
6229, 0.92
6230, 0.98
6231, 0.25
6232, 0.02
6233, 0.79
6234, 0.74
6235, 0.52
6236, 0.41
6237, 0.33
6238, 0.54
6239, 0.46
6240, 0.67
6241, 0.60
6242, 0.45
6243, 0.48
6244, 0.67
6245, 0.31
6246, 0.71
6247, 0.59
6248, 0.42
6249, 0.42
6250, 0.96
6251, 0.36
6252, 0.29
6253, 0.41
6254, 0.32
6255, 0.45
6256, 0.44
6257, 0.44
6258, 0.52
6259, 0.53
6260, 0.42
6261, 0.57
6262, 0.43
6263, 0.45
6264, 0.08
6265, 0.15
6266, 0.97
6267, 0.44
6268, 0.72
6269, 0.42
6270, 0.23
6271, 0.55
6272, 0.35
6273, 0.21
6274, 0.28
6275, 0.40
6276, 0.55
6277, 0.80
6278, 0.39
6279, 0.34
6280, 0.98
6281, 0.18
6282, 0.48
6283, 0.25
6284, 0.55
6285, 0.44
6286, 0.49
6287, 0.36
6288, 0.53
6289, 0.17
6290, 0.94
6291, 0.52
6292, 0.24
6293, 0.38
6294, 0.55
6295, 0.61
6296, 0.84
6297, 0.37
6298, 0.23
6299, 0.88
6300, 0.25
6301, 0.31
6302, 0.39
6303, 0.20
6304, 0.94
6305, 0.52
6306, 0.71
6307, 0.66
6308, 0.52
6309, 0.30
6310, 0.46
6311, 0.24
6312, 0.08
6313, 0.57
6314, 0.49
6315, 0.55
6316, 0.88
6317, 0.49
6318, 0.44
6319, 0.38
6320, 0.73
6321, 0.49
6322, 0.49
6323, 0.33
6324, 0.97
6325, 0.31
6326, 0.14
6327, 0.46
6328, 0.11
6329, 0.45
6330, 0.59
6331, 0.44
6332, 0.50
6333, 0.40
6334, 0.62
6335, 0.60
6336, 0.64
6337, 0.44
6338, 0.33
6339, 0.46
6340, 0.13
6341, 0.54
6342, 0.28
6343, 0.39
6344, 0.90
6345, 0.28
6346, 0.95
6347, 0.55
6348, 0.95
6349, 0.57
6350, 0.40
6351, 0.52
6352, 1.00
6353, 0.56
6354, 0.40
6355, 0.61
6356, 0.21
6357, 0.91
6358, 0.18
6359, 0.64
6360, 0.86
6361, 0.26
6362, 0.68
6363, 0.95
6364, 0.56
6365, 0.42
6366, 0.05
6367, 0.47
6368, 0.12
6369, 0.98
6370, 0.46
6371, 0.47
6372, 0.20
6373, 0.55
6374, 0.53
6375, 0.09
6376, 0.88
6377, 0.51
6378, 0.85
6379, 0.55
6380, 0.30
6381, 0.52
6382, 0.44
6383, 0.56
6384, 0.37
6385, 0.49
6386, 0.35
6387, 0.33
6388, 0.39
6389, 0.52
6390, 0.70
6391, 0.49
6392, 0.35
6393, 0.67
6394, 0.38
6395, 0.37
6396, 0.91
6397, 0.03
6398, 0.52
6399, 0.35
6400, 0.47
6401, 0.65
6402, 0.03
6403, 0.64
6404, 0.68
6405, 0.37
6406, 0.51
6407, 0.53
6408, 0.47
6409, 0.54
6410, 0.38
6411, 0.35
6412, 0.46
6413, 0.20
6414, 0.55
6415, 0.65
6416, 0.58
6417, 0.21
6418, 0.10
6419, 0.60
6420, 0.74
6421, 0.80
6422, 0.18
6423, 0.20
6424, 0.30
6425, 0.52
6426, 0.95
6427, 0.44
6428, 0.39
6429, 0.66
6430, 0.99
6431, 0.15
6432, 0.51
6433, 0.26
6434, 0.30
6435, 0.34
6436, 0.19
6437, 0.61
6438, 0.34
6439, 0.40
6440, 0.25
6441, 0.47
6442, 0.33
6443, 0.42
6444, 0.23
6445, 0.26
6446, 0.38
6447, 0.47
6448, 0.95
6449, 0.57
6450, 0.22
6451, 0.50
6452, 0.47
6453, 0.56
6454, 0.44
6455, 0.49
6456, 0.85
6457, 0.28
6458, 0.29
6459, 0.52
6460, 0.23
6461, 0.65
6462, 0.40
6463, 0.43
6464, 0.50
6465, 0.30
6466, 0.29
6467, 0.49
6468, 0.89
6469, 0.68
6470, 0.29
6471, 0.67
6472, 0.48
6473, 0.27
6474, 0.66
6475, 0.43
6476, 1.00
6477, 0.50
6478, 0.06
6479, 0.44
6480, 0.36
6481, 0.33
6482, 0.54
6483, 0.47
6484, 0.40
6485, 0.55
6486, 0.22
6487, 0.61
6488, 0.87
6489, 0.15
6490, 0.44
6491, 0.53
6492, 0.25
6493, 0.66
6494, 0.62
6495, 0.45
6496, 0.44
6497, 0.49
6498, 0.06
6499, 0.47
6500, 0.40
6501, 0.48
6502, 0.38
6503, 0.30
6504, 0.17
6505, 0.46
6506, 0.52
6507, 0.52
6508, 0.50
6509, 0.61
6510, 0.42
6511, 0.56
6512, 0.92
6513, 0.21
6514, 0.44
6515, 0.54
6516, 0.68
6517, 0.50
6518, 0.54
6519, 0.35
6520, 0.10
6521, 0.69
6522, 0.42
6523, 0.42
6524, 0.59
6525, 0.46
6526, 0.56
6527, 0.75
6528, 0.98
6529, 0.56
6530, 0.99
6531, 0.58
6532, 0.11
6533, 0.47
6534, 0.69
6535, 0.05
6536, 0.95
6537, 0.52
6538, 0.55
6539, 0.61
6540, 0.49
6541, 0.51
6542, 0.34
6543, 0.88
6544, 0.44
6545, 0.46
6546, 0.34
6547, 0.53
6548, 0.48
6549, 0.86
6550, 0.72
6551, 0.50
6552, 0.14
6553, 0.70
6554, 0.42
6555, 0.56
6556, 0.36
6557, 0.50
6558, 0.42
6559, 0.41
6560, 0.17
6561, 0.49
6562, 0.43
6563, 0.47
6564, 0.29
6565, 0.69
6566, 0.29
6567, 0.78
6568, 0.62
6569, 0.05
6570, 0.52
6571, 0.54
6572, 0.41
6573, 0.53
6574, 0.96
6575, 0.38
6576, 0.28
6577, 0.50
6578, 0.69
6579, 0.23
6580, 0.51
6581, 0.47
6582, 0.50
6583, 0.73
6584, 0.60
6585, 0.42
6586, 0.58
6587, 0.12
6588, 0.53
6589, 0.24
6590, 0.39
6591, 0.27
6592, 0.99
6593, 0.34
6594, 0.40
6595, 0.75
6596, 0.32
6597, 0.61
6598, 0.36
6599, 0.25
6600, 0.59
6601, 0.40
6602, 0.65
6603, 0.48
6604, 0.44
6605, 0.27
6606, 0.56
6607, 0.55
6608, 0.49
6609, 0.36
6610, 0.33
6611, 0.29
6612, 0.29
6613, 0.54
6614, 0.60
6615, 0.70
6616, 0.18
6617, 0.93
6618, 0.14
6619, 0.64
6620, 0.37
6621, 0.21
6622, 0.43
6623, 0.43
6624, 0.58
6625, 0.52
6626, 0.45
6627, 0.55
6628, 0.57
6629, 0.77
6630, 0.84
6631, 0.45
6632, 0.46
6633, 0.68
6634, 0.33
6635, 0.91
6636, 0.25
6637, 0.87
6638, 0.42
6639, 0.98
6640, 0.62
6641, 0.95
6642, 0.31
6643, 0.12
6644, 0.32
6645, 0.53
6646, 0.18
6647, 0.31
6648, 0.26
6649, 0.16
6650, 0.50
6651, 0.74
6652, 0.62
6653, 0.52
6654, 0.44
6655, 0.42
6656, 0.42
6657, 0.46
6658, 0.53
6659, 0.45
6660, 0.90
6661, 0.49
6662, 0.45
6663, 0.44
6664, 0.62
6665, 0.47
6666, 0.56
6667, 0.53
6668, 0.60
6669, 0.45
6670, 0.60
6671, 0.99
6672, 0.41
6673, 0.24
6674, 0.68
6675, 0.41
6676, 0.61
6677, 0.28
6678, 0.62
6679, 0.42
6680, 0.19
6681, 0.59
6682, 0.62
6683, 0.34
6684, 0.55
6685, 0.54
6686, 0.35
6687, 0.69
6688, 0.76
6689, 0.99
6690, 0.62
6691, 0.38
6692, 0.88
6693, 0.50
6694, 0.30
6695, 0.11
6696, 0.84
6697, 0.25
6698, 0.43
6699, 0.41
6700, 0.58
6701, 0.38
6702, 0.05
6703, 0.12
6704, 0.61
6705, 0.37
6706, 0.64
6707, 0.44
6708, 0.49
6709, 0.53
6710, 0.22
6711, 0.60
6712, 0.58
6713, 0.58
6714, 0.09
6715, 0.32
6716, 0.54
6717, 0.14
6718, 0.50
6719, 0.35
6720, 0.46
6721, 0.60
6722, 0.46
6723, 0.78
6724, 0.44
6725, 0.29
6726, 0.36
6727, 0.42
6728, 0.12
6729, 0.87
6730, 0.46
6731, 0.45
6732, 0.99
6733, 0.33
6734, 0.54
6735, 0.61
6736, 0.30
6737, 0.61
6738, 0.43
6739, 0.51
6740, 0.68
6741, 0.53
6742, 0.18
6743, 0.14
6744, 0.99
6745, 0.77
6746, 0.58
6747, 0.46
6748, 0.44
6749, 0.86
6750, 0.42
6751, 0.04
6752, 0.53
6753, 0.40
6754, 0.43
6755, 0.25
6756, 0.48
6757, 0.80
6758, 0.41
6759, 0.23
6760, 0.41
6761, 0.21
6762, 0.14
6763, 0.56
6764, 0.44
6765, 0.21
6766, 0.47
6767, 0.60
6768, 0.48
6769, 0.44
6770, 0.82
6771, 0.41
6772, 0.70
6773, 0.29
6774, 0.58
6775, 0.69
6776, 0.48
6777, 0.79
6778, 0.37
6779, 0.33
6780, 0.60
6781, 1.00
6782, 0.43
6783, 0.56
6784, 0.76
6785, 0.60
6786, 0.41
6787, 0.57
6788, 0.46
6789, 0.97
6790, 0.35
6791, 0.57
6792, 0.96
6793, 0.20
6794, 0.23
6795, 0.70
6796, 0.98
6797, 0.35
6798, 0.95
6799, 0.16
6800, 0.96
6801, 0.96
6802, 0.53
6803, 0.64
6804, 0.13
6805, 0.97
6806, 0.53
6807, 0.49
6808, 0.09
6809, 0.22
6810, 0.11
6811, 0.57
6812, 0.46
6813, 0.44
6814, 0.34
6815, 0.45
6816, 0.67
6817, 0.47
6818, 0.56
6819, 0.76
6820, 0.32
6821, 0.89
6822, 0.27
6823, 0.56
6824, 0.36
6825, 0.83
6826, 0.59
6827, 0.22
6828, 0.44
6829, 0.29
6830, 0.28
6831, 0.99
6832, 0.27
6833, 0.98
6834, 0.52
6835, 0.40
6836, 0.40
6837, 0.05
6838, 0.53
6839, 0.38
6840, 0.26
6841, 0.52
6842, 0.49
6843, 0.53
6844, 0.36
6845, 0.46
6846, 0.40
6847, 0.87
6848, 0.34
6849, 0.57
6850, 0.58
6851, 0.27
6852, 0.39
6853, 0.40
6854, 0.72
6855, 0.42
6856, 0.69
6857, 0.38
6858, 0.49
6859, 0.57
6860, 0.54
6861, 0.96
6862, 0.95
6863, 0.54
6864, 0.58
6865, 0.08
6866, 0.57
6867, 0.87
6868, 0.48
6869, 0.57
6870, 0.59
6871, 0.49
6872, 0.39
6873, 0.84
6874, 0.53
6875, 0.55
6876, 0.59
6877, 0.43
6878, 0.17
6879, 0.54
6880, 0.34
6881, 0.48
6882, 0.60
6883, 0.62
6884, 0.69
6885, 0.54
6886, 0.34
6887, 0.42
6888, 0.60
6889, 0.13
6890, 0.99
6891, 0.68
6892, 0.94
6893, 0.48
6894, 1.00
6895, 0.97
6896, 0.46
6897, 0.90
6898, 0.65
6899, 0.55
6900, 1.00
6901, 0.48
6902, 0.50
6903, 0.14
6904, 0.49
6905, 0.38
6906, 0.26
6907, 0.49
6908, 0.22
6909, 0.21
6910, 0.41
6911, 0.74
6912, 0.60
6913, 0.43
6914, 0.52
6915, 0.29
6916, 0.52
6917, 0.47
6918, 0.44
6919, 0.52
6920, 0.46
6921, 0.44
6922, 0.40
6923, 0.20
6924, 0.49
6925, 0.46
6926, 0.66
6927, 0.43
6928, 0.55
6929, 0.42
6930, 0.31
6931, 0.77
6932, 0.98
6933, 0.51
6934, 0.42
6935, 0.51
6936, 0.99
6937, 0.61
6938, 0.44
6939, 0.10
6940, 0.89
6941, 0.46
6942, 0.42
6943, 0.48
6944, 0.42
6945, 0.53
6946, 0.39
6947, 0.69
6948, 0.14
6949, 0.97
6950, 0.58
6951, 0.53
6952, 0.55
6953, 0.37
6954, 0.46
6955, 0.61
6956, 0.14
6957, 0.23
6958, 0.08
6959, 0.34
6960, 0.22
6961, 0.98
6962, 0.18
6963, 0.45
6964, 0.64
6965, 0.97
6966, 0.50
6967, 0.38
6968, 0.52
6969, 0.35
6970, 0.24
6971, 0.29
6972, 0.50
6973, 0.45
6974, 0.84
6975, 0.44
6976, 0.37
6977, 0.30
6978, 0.30
6979, 0.46
6980, 0.70
6981, 0.07
6982, 0.55
6983, 0.49
6984, 0.26
6985, 0.04
6986, 0.42
6987, 0.50
6988, 0.49
6989, 0.67
6990, 0.48
6991, 0.50
6992, 0.28
6993, 0.68
6994, 0.55
6995, 0.90
6996, 0.49
6997, 0.99
6998, 0.55
6999, 0.48
7000, 0.56
7001, 0.61
7002, 0.56
7003, 0.79
7004, 0.92
7005, 0.83
7006, 0.46
7007, 0.35
7008, 0.53
7009, 0.56
7010, 0.34
7011, 0.51
7012, 0.19
7013, 0.70
7014, 0.62
7015, 0.64
7016, 0.45
7017, 0.48
7018, 0.06
7019, 0.63
7020, 0.56
7021, 0.51
7022, 0.09
7023, 0.78
7024, 0.53
7025, 0.43
7026, 0.58
7027, 0.06
7028, 0.46
7029, 0.25
7030, 0.41
7031, 0.65
7032, 0.43
7033, 0.13
7034, 0.84
7035, 0.92
7036, 0.74
7037, 0.15
7038, 0.45
7039, 0.52
7040, 0.51
7041, 0.48
7042, 0.46
7043, 0.36
7044, 0.40
7045, 0.49
7046, 0.56
7047, 0.46
7048, 0.61
7049, 0.62
7050, 0.51
7051, 0.44
7052, 0.43
7053, 0.38
7054, 0.57
7055, 0.49
7056, 0.60
7057, 0.51
7058, 0.52
7059, 0.43
7060, 0.40
7061, 0.16
7062, 0.64
7063, 0.32
7064, 0.28
7065, 0.97
7066, 0.53
7067, 0.54
7068, 0.37
7069, 0.55
7070, 0.61
7071, 0.59
7072, 0.96
7073, 0.07
7074, 0.44
7075, 0.05
7076, 0.47
7077, 0.21
7078, 0.47
7079, 0.92
7080, 0.92
7081, 0.61
7082, 0.12
7083, 0.49
7084, 0.43
7085, 0.51
7086, 0.44
7087, 0.97
7088, 0.36
7089, 0.39
7090, 0.24
7091, 0.65
7092, 0.43
7093, 0.44
7094, 0.23
7095, 0.52
7096, 0.65
7097, 0.34
7098, 0.50
7099, 0.56
7100, 0.51
7101, 0.52
7102, 0.63
7103, 0.59
7104, 0.51
7105, 0.54
7106, 0.85
7107, 0.40
7108, 0.43
7109, 0.63
7110, 0.09
7111, 0.54
7112, 0.33
7113, 0.59
7114, 0.57
7115, 0.23
7116, 0.44
7117, 0.28
7118, 0.65
7119, 0.78
7120, 0.47
7121, 0.28
7122, 0.39
7123, 0.95
7124, 0.27
7125, 0.56
7126, 0.27
7127, 0.50
7128, 0.57
7129, 0.73
7130, 0.85
7131, 0.66
7132, 0.50
7133, 0.19
7134, 0.11
7135, 0.63
7136, 0.37
7137, 0.11
7138, 0.57
7139, 0.67
7140, 0.15
7141, 0.34
7142, 0.09
7143, 0.26
7144, 0.38
7145, 0.91
7146, 0.36
7147, 0.55
7148, 0.48
7149, 0.83
7150, 0.47
7151, 0.31
7152, 0.12
7153, 0.49
7154, 0.48
7155, 0.90
7156, 0.47
7157, 0.55
7158, 0.48
7159, 0.44
7160, 0.33
7161, 0.15
7162, 0.40
7163, 0.41
7164, 0.69
7165, 0.41
7166, 0.88
7167, 0.35
7168, 0.46
7169, 0.58
7170, 0.67
7171, 0.27
7172, 0.47
7173, 0.29
7174, 0.37
7175, 0.32
7176, 0.76
7177, 0.47
7178, 0.21
7179, 0.93
7180, 0.94
7181, 0.89
7182, 0.28
7183, 0.91
7184, 0.70
7185, 0.78
7186, 0.38
7187, 0.47
7188, 0.37
7189, 0.23
7190, 0.55
7191, 0.33
7192, 0.95
7193, 0.50
7194, 0.60
7195, 0.56
7196, 0.64
7197, 0.15
7198, 0.53
7199, 0.26
7200, 0.96
7201, 0.59
7202, 0.43
7203, 0.47
7204, 0.11
7205, 0.44
7206, 0.31
7207, 0.25
7208, 0.51
7209, 0.41
7210, 0.49
7211, 0.36
7212, 0.28
7213, 0.49
7214, 0.31
7215, 0.15
7216, 0.85
7217, 0.91
7218, 0.47
7219, 0.59
7220, 0.60
7221, 0.63
7222, 0.77
7223, 0.51
7224, 0.54
7225, 0.97
7226, 0.50
7227, 0.55
7228, 0.46
7229, 0.18
7230, 0.40
7231, 0.59
7232, 0.27
7233, 0.48
7234, 0.48
7235, 0.11
7236, 0.45
7237, 0.34
7238, 0.40
7239, 0.39
7240, 0.38
7241, 0.68
7242, 0.52
7243, 0.52
7244, 0.66
7245, 0.25
7246, 0.26
7247, 0.36
7248, 0.35
7249, 0.43
7250, 0.53
7251, 0.47
7252, 0.77
7253, 0.50
7254, 0.31
7255, 0.99
7256, 0.51
7257, 0.53
7258, 0.87
7259, 0.60
7260, 0.30
7261, 0.35
7262, 0.55
7263, 0.63
7264, 0.38
7265, 0.39
7266, 0.33
7267, 0.99
7268, 0.43
7269, 0.74
7270, 0.39
7271, 0.41
7272, 0.51
7273, 0.28
7274, 0.95
7275, 0.90
7276, 0.59
7277, 0.62
7278, 0.71
7279, 0.44
7280, 0.47
7281, 0.51
7282, 0.38
7283, 0.26
7284, 0.43
7285, 0.66
7286, 0.62
7287, 0.65
7288, 0.51
7289, 0.67
7290, 0.50
7291, 0.69
7292, 0.43
7293, 0.58
7294, 0.33
7295, 0.13
7296, 0.85
7297, 0.53
7298, 0.99
7299, 0.44
7300, 0.26
7301, 0.37
7302, 0.46
7303, 0.60
7304, 0.17
7305, 0.54
7306, 0.44
7307, 0.49
7308, 0.26
7309, 0.40
7310, 0.72
7311, 0.46
7312, 0.57
7313, 0.45
7314, 0.17
7315, 0.49
7316, 0.36
7317, 0.52
7318, 0.22
7319, 0.44
7320, 0.39
7321, 0.56
7322, 0.79
7323, 0.23
7324, 0.94
7325, 0.50
7326, 0.49
7327, 0.59
7328, 0.51
7329, 0.52
7330, 0.60
7331, 0.45
7332, 0.42
7333, 0.56
7334, 0.66
7335, 0.49
7336, 0.54
7337, 0.63
7338, 0.59
7339, 0.59
7340, 0.42
7341, 0.49
7342, 0.80
7343, 0.42
7344, 0.43
7345, 0.22
7346, 0.48
7347, 0.87
7348, 0.29
7349, 0.96
7350, 0.24
7351, 0.73
7352, 0.51
7353, 0.34
7354, 0.87
7355, 0.96
7356, 0.53
7357, 0.42
7358, 0.16
7359, 0.61
7360, 0.41
7361, 0.77
7362, 0.91
7363, 0.37
7364, 0.63
7365, 0.55
7366, 0.63
7367, 0.89
7368, 0.56
7369, 0.28
7370, 0.54
7371, 0.58
7372, 0.28
7373, 0.99
7374, 0.42
7375, 0.56
7376, 1.00
7377, 0.21
7378, 0.47
7379, 0.43
7380, 0.58
7381, 0.34
7382, 0.51
7383, 0.53
7384, 0.60
7385, 0.19
7386, 0.44
7387, 0.64
7388, 0.41
7389, 0.93
7390, 0.58
7391, 0.56
7392, 0.50
7393, 0.42
7394, 0.82
7395, 0.49
7396, 0.55
7397, 0.54
7398, 0.38
7399, 0.30
7400, 0.37
7401, 0.98
7402, 0.60
7403, 0.45
7404, 0.48
7405, 0.69
7406, 0.08
7407, 0.49
7408, 0.45
7409, 0.17
7410, 0.48
7411, 0.04
7412, 0.51
7413, 0.06
7414, 0.87
7415, 0.69
7416, 0.05
7417, 0.92
7418, 0.20
7419, 0.34
7420, 0.90
7421, 0.48
