# Id,Predicted
0, 0.40
1, 0.35
2, 0.53
3, 0.26
4, 0.95
5, 0.22
6, 0.57
7, 0.27
8, 0.61
9, 0.69
10, 0.43
11, 0.56
12, 0.49
13, 0.61
14, 0.79
15, 1.00
16, 0.72
17, 0.53
18, 0.44
19, 0.42
20, 0.44
21, 0.73
22, 0.64
23, 0.60
24, 0.51
25, 0.48
26, 0.48
27, 0.49
28, 0.47
29, 0.46
30, 0.39
31, 0.45
32, 0.46
33, 0.21
34, 0.60
35, 0.50
36, 0.46
37, 0.44
38, 0.42
39, 0.94
40, 0.56
41, 0.33
42, 0.62
43, 0.41
44, 0.82
45, 0.43
46, 0.44
47, 0.08
48, 0.46
49, 0.40
50, 0.22
51, 0.15
52, 0.18
53, 0.47
54, 0.61
55, 0.63
56, 0.42
57, 0.21
58, 0.15
59, 0.61
60, 0.58
61, 0.49
62, 0.18
63, 0.87
64, 0.97
65, 0.39
66, 0.72
67, 0.44
68, 0.13
69, 0.59
70, 0.62
71, 0.99
72, 0.79
73, 0.51
74, 0.06
75, 0.61
76, 0.60
77, 0.45
78, 0.30
79, 0.10
80, 0.53
81, 0.52
82, 0.29
83, 0.96
84, 0.67
85, 0.73
86, 0.59
87, 0.46
88, 0.49
89, 0.98
90, 0.58
91, 0.95
92, 0.58
93, 0.55
94, 0.97
95, 0.49
96, 0.28
97, 0.26
98, 0.99
99, 0.41
100, 0.63
101, 0.42
102, 0.04
103, 0.62
104, 0.60
105, 0.14
106, 0.49
107, 0.60
108, 0.37
109, 0.64
110, 0.30
111, 0.57
112, 0.35
113, 0.55
114, 0.57
115, 0.41
116, 0.62
117, 0.50
118, 0.27
119, 0.55
120, 0.23
121, 0.71
122, 0.45
123, 0.35
124, 0.49
125, 0.13
126, 0.69
127, 0.48
128, 0.61
129, 0.51
130, 0.12
131, 0.82
132, 0.25
133, 0.37
134, 0.44
135, 0.64
136, 0.42
137, 0.27
138, 0.69
139, 0.63
140, 0.60
141, 0.48
142, 0.57
143, 0.97
144, 0.95
145, 0.64
146, 0.59
147, 0.53
148, 0.59
149, 0.30
150, 0.34
151, 0.98
152, 0.41
153, 0.24
154, 0.51
155, 0.57
156, 0.31
157, 0.60
158, 0.41
159, 0.28
160, 0.61
161, 0.58
162, 0.69
163, 0.11
164, 0.65
165, 0.78
166, 0.28
167, 0.43
168, 0.95
169, 0.33
170, 0.50
171, 0.54
172, 0.64
173, 0.48
174, 0.37
175, 0.54
176, 0.36
177, 0.17
178, 0.52
179, 0.48
180, 0.48
181, 0.30
182, 0.91
183, 0.49
184, 0.23
185, 0.54
186, 0.55
187, 0.39
188, 0.65
189, 0.44
190, 0.75
191, 0.43
192, 0.51
193, 0.58
194, 0.20
195, 0.29
196, 0.58
197, 0.51
198, 0.10
199, 0.19
200, 0.50
201, 0.45
202, 0.54
203, 0.35
204, 0.77
205, 0.29
206, 0.29
207, 0.36
208, 0.95
209, 0.60
210, 0.32
211, 0.46
212, 0.38
213, 0.39
214, 0.36
215, 0.42
216, 0.65
217, 0.44
218, 0.42
219, 0.12
220, 0.14
221, 0.36
222, 0.17
223, 0.20
224, 0.36
225, 0.56
226, 0.37
227, 0.61
228, 0.54
229, 0.53
230, 0.16
231, 0.10
232, 0.46
233, 0.13
234, 0.32
235, 0.13
236, 0.58
237, 0.22
238, 0.53
239, 0.28
240, 0.46
241, 0.64
242, 0.17
243, 0.21
244, 0.34
245, 0.34
246, 0.58
247, 0.58
248, 0.55
249, 0.10
250, 0.85
251, 0.50
252, 0.39
253, 0.10
254, 0.42
255, 0.52
256, 0.39
257, 0.55
258, 0.73
259, 0.27
260, 0.12
261, 0.10
262, 0.11
263, 0.91
264, 0.39
265, 0.49
266, 0.55
267, 0.68
268, 0.49
269, 0.75
270, 0.68
271, 0.50
272, 0.62
273, 0.49
274, 0.67
275, 0.59
276, 0.55
277, 0.23
278, 0.71
279, 0.33
280, 0.92
281, 0.81
282, 0.93
283, 0.32
284, 0.63
285, 0.55
286, 0.44
287, 0.70
288, 0.98
289, 0.31
290, 0.49
291, 0.42
292, 0.75
293, 0.35
294, 0.32
295, 0.57
296, 0.24
297, 0.48
298, 0.25
299, 0.33
300, 0.45
301, 0.52
302, 0.47
303, 0.58
304, 0.34
305, 0.52
306, 0.45
307, 0.62
308, 0.46
309, 0.38
310, 0.39
311, 0.14
312, 1.00
313, 0.31
314, 0.30
315, 0.56
316, 0.52
317, 0.70
318, 0.47
319, 0.13
320, 0.30
321, 0.90
322, 0.27
323, 0.11
324, 0.64
325, 0.93
326, 0.60
327, 0.27
328, 0.48
329, 0.53
330, 0.26
331, 0.37
332, 0.17
333, 0.13
334, 0.96
335, 0.50
336, 0.28
337, 0.44
338, 0.49
339, 0.64
340, 0.57
341, 0.43
342, 0.36
343, 0.26
344, 0.98
345, 0.51
346, 0.20
347, 0.35
348, 0.26
349, 0.61
350, 0.91
351, 0.49
352, 0.82
353, 0.66
354, 0.60
355, 0.43
356, 0.45
357, 0.26
358, 0.45
359, 0.47
360, 0.46
361, 0.49
362, 0.50
363, 0.45
364, 0.55
365, 0.49
366, 0.38
367, 0.95
368, 0.39
369, 0.22
370, 0.44
371, 0.76
372, 0.53
373, 0.59
374, 0.87
375, 0.48
376, 0.48
377, 0.42
378, 0.27
379, 0.27
380, 0.52
381, 0.29
382, 0.41
383, 0.32
384, 0.61
385, 0.53
386, 0.27
387, 0.29
388, 0.61
389, 0.22
390, 0.98
391, 0.48
392, 0.51
393, 0.32
394, 0.40
395, 0.56
396, 0.46
397, 0.16
398, 0.40
399, 0.81
400, 0.47
401, 0.54
402, 0.69
403, 0.57
404, 0.25
405, 0.67
406, 0.29
407, 0.57
408, 0.46
409, 0.64
410, 0.11
411, 0.52
412, 0.41
413, 0.52
414, 0.05
415, 0.45
416, 0.47
417, 0.89
418, 0.37
419, 0.40
420, 0.64
421, 0.57
422, 0.26
423, 0.60
424, 0.98
425, 0.63
426, 0.42
427, 0.72
428, 0.95
429, 0.12
430, 0.53
431, 0.54
432, 0.57
433, 0.08
434, 0.99
435, 0.50
436, 0.49
437, 0.29
438, 0.34
439, 0.17
440, 0.96
441, 0.48
442, 0.29
443, 0.30
444, 0.44
445, 0.31
446, 0.58
447, 0.10
448, 0.39
449, 0.74
450, 0.48
451, 0.18
452, 0.51
453, 0.47
454, 0.29
455, 0.42
456, 0.42
457, 0.26
458, 0.37
459, 0.32
460, 0.67
461, 0.55
462, 0.39
463, 0.93
464, 0.94
465, 0.61
466, 0.43
467, 0.52
468, 0.95
469, 0.46
470, 0.47
471, 0.38
472, 0.43
473, 0.64
474, 0.78
475, 0.88
476, 1.00
477, 0.44
478, 0.15
479, 0.54
480, 0.52
481, 0.89
482, 0.94
483, 0.50
484, 0.19
485, 0.72
486, 0.33
487, 0.97
488, 0.50
489, 0.33
490, 0.22
491, 0.08
492, 0.18
493, 0.48
494, 0.26
495, 0.25
496, 0.16
497, 0.44
498, 0.66
499, 0.68
500, 0.78
501, 0.39
502, 0.27
503, 0.63
504, 0.46
505, 0.97
506, 0.62
507, 0.99
508, 0.51
509, 0.51
510, 0.61
511, 0.62
512, 0.32
513, 0.40
514, 0.40
515, 0.60
516, 0.20
517, 0.66
518, 0.51
519, 0.25
520, 0.23
521, 0.45
522, 0.30
523, 0.46
524, 0.49
525, 0.51
526, 0.38
527, 0.67
528, 0.54
529, 0.45
530, 0.45
531, 0.60
532, 0.38
533, 0.68
534, 0.19
535, 0.43
536, 0.48
537, 0.47
538, 0.39
539, 0.27
540, 0.94
541, 0.53
542, 0.54
543, 0.94
544, 0.43
545, 0.36
546, 0.96
547, 0.47
548, 0.36
549, 0.38
550, 0.23
551, 0.38
552, 0.94
553, 0.19
554, 0.56
555, 0.37
556, 0.20
557, 0.88
558, 0.51
559, 0.71
560, 0.46
561, 0.39
562, 0.58
563, 0.97
564, 0.36
565, 0.87
566, 0.39
567, 0.84
568, 0.60
569, 0.92
570, 0.47
571, 0.65
572, 0.54
573, 0.08
574, 0.50
575, 0.78
576, 0.78
577, 0.76
578, 0.60
579, 0.63
580, 0.50
581, 0.56
582, 0.40
583, 0.30
584, 0.33
585, 0.50
586, 0.11
587, 0.39
588, 0.10
589, 0.21
590, 0.44
591, 0.43
592, 0.61
593, 0.94
594, 0.54
595, 0.94
596, 0.41
597, 0.52
598, 0.54
599, 0.57
600, 0.53
601, 0.96
602, 0.70
603, 0.40
604, 0.66
605, 0.23
606, 0.39
607, 0.20
608, 0.98
609, 0.32
610, 0.63
611, 0.54
612, 0.37
613, 0.39
614, 0.53
615, 0.38
616, 0.37
617, 0.45
618, 0.34
619, 0.16
620, 0.38
621, 0.52
622, 0.53
623, 0.53
624, 0.29
625, 0.43
626, 0.25
627, 0.98
628, 0.46
629, 0.63
630, 0.54
631, 0.43
632, 0.12
633, 0.43
634, 0.77
635, 0.44
636, 1.00
637, 0.57
638, 0.22
639, 0.58
640, 0.36
641, 0.52
642, 0.43
643, 0.63
644, 0.77
645, 0.46
646, 0.24
647, 0.43
648, 0.97
649, 0.31
650, 0.32
651, 0.48
652, 0.64
653, 0.51
654, 0.81
655, 0.26
656, 0.70
657, 0.37
658, 0.09
659, 0.61
660, 1.00
661, 0.46
662, 0.36
663, 0.47
664, 0.42
665, 0.33
666, 0.40
667, 0.94
668, 0.46
669, 0.99
670, 0.52
671, 0.53
672, 0.99
673, 0.63
674, 0.40
675, 0.98
676, 0.18
677, 0.28
678, 0.09
679, 0.49
680, 1.00
681, 0.79
682, 0.53
683, 0.38
684, 0.51
685, 0.32
686, 0.57
687, 0.66
688, 0.44
689, 0.24
690, 0.55
691, 0.75
692, 0.59
693, 0.23
694, 0.73
695, 0.25
696, 0.62
697, 0.68
698, 0.46
699, 0.49
700, 0.41
701, 0.33
702, 0.49
703, 0.66
704, 0.30
705, 0.28
706, 0.31
707, 0.14
708, 0.26
709, 0.20
710, 0.91
711, 0.33
712, 0.50
713, 0.30
714, 0.54
715, 0.37
716, 0.28
717, 0.37
718, 0.59
719, 0.25
720, 0.17
721, 0.64
722, 0.29
723, 0.37
724, 0.29
725, 0.44
726, 0.43
727, 0.50
728, 0.36
729, 0.32
730, 0.42
731, 0.24
732, 0.26
733, 0.86
734, 0.32
735, 0.47
736, 0.60
737, 0.06
738, 0.55
739, 0.25
740, 0.29
741, 0.05
742, 0.46
743, 0.32
744, 0.99
745, 0.33
746, 0.32
747, 0.51
748, 0.18
749, 0.66
750, 0.59
751, 0.41
752, 0.70
753, 0.88
754, 0.34
755, 0.26
756, 0.40
757, 0.67
758, 0.16
759, 0.41
760, 0.20
761, 0.45
762, 0.35
763, 0.37
764, 0.35
765, 0.19
766, 0.62
767, 0.40
768, 0.23
769, 0.32
770, 0.52
771, 0.79
772, 0.57
773, 0.55
774, 0.53
775, 0.63
776, 0.74
777, 0.38
778, 0.60
779, 0.44
780, 0.54
781, 0.48
782, 0.59
783, 0.51
784, 0.51
785, 0.50
786, 0.43
787, 0.38
788, 0.98
789, 0.26
790, 0.37
791, 0.43
792, 0.44
793, 0.28
794, 0.39
795, 0.33
796, 0.10
797, 0.56
798, 0.70
799, 0.98
800, 0.54
801, 0.66
802, 0.69
803, 0.99
804, 0.32
805, 0.35
806, 0.32
807, 0.41
808, 0.23
809, 0.14
810, 0.60
811, 0.59
812, 0.85
813, 0.13
814, 0.43
815, 0.38
816, 0.77
817, 0.40
818, 0.47
819, 0.39
820, 0.54
821, 0.02
822, 0.97
823, 0.24
824, 0.21
825, 0.18
826, 0.37
827, 0.57
828, 0.84
829, 0.57
830, 0.14
831, 0.55
832, 0.33
833, 0.52
834, 0.51
835, 0.38
836, 0.71
837, 0.35
838, 0.48
839, 0.50
840, 0.14
841, 0.59
842, 0.37
843, 0.57
844, 0.38
845, 0.33
846, 0.56
847, 0.09
848, 0.33
849, 0.51
850, 0.23
851, 0.66
852, 0.16
853, 0.53
854, 0.47
855, 0.94
856, 0.44
857, 0.41
858, 0.44
859, 0.70
860, 0.63
861, 0.11
862, 0.73
863, 0.48
864, 0.58
865, 0.47
866, 0.44
867, 0.32
868, 0.48
869, 0.47
870, 0.35
871, 0.66
872, 1.00
873, 0.99
874, 0.12
875, 0.06
876, 0.44
877, 0.49
878, 0.35
879, 0.58
880, 0.56
881, 0.40
882, 0.32
883, 0.61
884, 0.39
885, 0.50
886, 0.90
887, 0.38
888, 0.59
889, 0.36
890, 0.91
891, 0.28
892, 0.62
893, 0.42
894, 0.99
895, 0.72
896, 0.49
897, 0.42
898, 0.28
899, 0.15
900, 0.51
901, 0.45
902, 0.57
903, 0.64
904, 0.99
905, 0.98
906, 0.45
907, 0.50
908, 0.33
909, 0.54
910, 0.88
911, 0.39
912, 0.38
913, 0.50
914, 0.27
915, 0.39
916, 0.63
917, 1.00
918, 0.47
919, 0.63
920, 0.43
921, 0.53
922, 0.27
923, 0.64
924, 0.79
925, 0.41
926, 0.50
927, 0.97
928, 0.22
929, 0.95
930, 0.39
931, 0.47
932, 0.38
933, 0.35
934, 0.43
935, 0.29
936, 0.36
937, 0.38
938, 0.47
939, 0.70
940, 0.69
941, 0.16
942, 0.57
943, 0.45
944, 0.44
945, 0.32
946, 0.50
947, 0.99
948, 0.31
949, 0.21
950, 0.39
951, 0.50
952, 0.54
953, 0.59
954, 0.34
955, 0.31
956, 0.52
957, 0.61
958, 0.49
959, 0.04
960, 0.49
961, 0.62
962, 0.64
963, 0.80
964, 0.37
965, 0.30
966, 0.35
967, 0.41
968, 0.32
969, 0.58
970, 0.25
971, 0.06
972, 0.43
973, 0.12
974, 0.62
975, 0.61
976, 0.54
977, 0.56
978, 0.47
979, 0.45
980, 0.40
981, 0.54
982, 0.57
983, 0.53
984, 0.45
985, 0.41
986, 0.35
987, 0.40
988, 0.50
989, 0.50
990, 0.20
991, 0.21
992, 0.40
993, 0.48
994, 0.29
995, 0.71
996, 0.40
997, 0.53
998, 0.33
999, 0.50
1000, 0.46
1001, 0.41
1002, 0.22
1003, 0.51
1004, 0.96
1005, 0.20
1006, 0.36
1007, 0.97
1008, 0.48
1009, 0.35
1010, 0.36
1011, 0.45
1012, 0.66
1013, 0.34
1014, 0.05
1015, 0.53
1016, 0.51
1017, 0.47
1018, 0.44
1019, 0.67
1020, 0.39
1021, 0.58
1022, 0.37
1023, 0.48
1024, 0.44
1025, 0.46
1026, 0.99
1027, 0.72
1028, 1.00
1029, 0.46
1030, 0.39
1031, 0.80
1032, 0.42
1033, 0.43
1034, 0.42
1035, 0.73
1036, 0.45
1037, 0.43
1038, 0.48
1039, 0.50
1040, 0.36
1041, 0.52
1042, 0.95
1043, 0.38
1044, 0.37
1045, 0.48
1046, 0.43
1047, 0.29
1048, 0.20
1049, 0.55
1050, 0.52
1051, 0.97
1052, 0.66
1053, 0.26
1054, 0.11
1055, 0.98
1056, 0.25
1057, 0.36
1058, 0.55
1059, 0.59
1060, 0.56
1061, 0.52
1062, 0.46
1063, 0.58
1064, 0.98
1065, 0.31
1066, 1.00
1067, 0.35
1068, 0.22
1069, 0.68
1070, 0.71
1071, 0.50
1072, 0.59
1073, 0.63
1074, 0.20
1075, 0.37
1076, 0.47
1077, 0.32
1078, 0.50
1079, 0.14
1080, 0.26
1081, 0.39
1082, 0.34
1083, 0.96
1084, 0.58
1085, 0.56
1086, 0.54
1087, 0.51
1088, 0.55
1089, 0.32
1090, 0.48
1091, 0.37
1092, 0.36
1093, 0.54
1094, 0.46
1095, 0.25
1096, 0.38
1097, 0.69
1098, 0.65
1099, 0.43
1100, 0.53
1101, 0.38
1102, 0.56
1103, 0.42
1104, 0.46
1105, 0.48
1106, 0.42
1107, 0.28
1108, 0.43
1109, 0.11
1110, 0.54
1111, 0.46
1112, 0.41
1113, 0.57
1114, 0.84
1115, 0.48
1116, 0.54
1117, 0.30
1118, 0.72
1119, 0.77
1120, 0.75
1121, 0.30
1122, 0.67
1123, 0.63
1124, 0.93
1125, 0.23
1126, 0.24
1127, 0.51
1128, 0.64
1129, 0.14
1130, 0.66
1131, 0.48
1132, 0.54
1133, 0.47
1134, 0.28
1135, 0.36
1136, 0.39
1137, 0.57
1138, 0.41
1139, 0.49
1140, 0.88
1141, 0.08
1142, 0.16
1143, 0.70
1144, 0.49
1145, 0.45
1146, 0.61
1147, 0.08
1148, 0.99
1149, 0.98
1150, 0.62
1151, 0.36
1152, 0.99
1153, 0.14
1154, 0.24
1155, 0.16
1156, 0.20
1157, 0.30
1158, 0.52
1159, 0.56
1160, 0.45
1161, 0.43
1162, 0.49
1163, 0.38
1164, 0.46
1165, 0.98
1166, 0.70
1167, 0.63
1168, 0.40
1169, 0.53
1170, 0.36
1171, 0.38
1172, 0.99
1173, 0.48
1174, 0.95
1175, 0.59
1176, 0.51
1177, 0.34
1178, 0.40
1179, 0.53
1180, 0.23
1181, 0.48
1182, 0.36
1183, 0.52
1184, 0.47
1185, 0.47
1186, 1.00
1187, 0.73
1188, 0.33
1189, 0.62
1190, 0.57
1191, 0.94
1192, 0.42
1193, 0.70
1194, 0.47
1195, 0.56
1196, 0.51
1197, 0.51
1198, 0.64
1199, 0.98
1200, 0.51
1201, 0.36
1202, 0.54
1203, 0.97
1204, 0.50
1205, 0.55
1206, 0.47
1207, 0.33
1208, 0.27
1209, 0.16
1210, 0.46
1211, 0.73
1212, 0.59
1213, 0.59
1214, 0.53
1215, 0.48
1216, 0.60
1217, 0.26
1218, 0.48
1219, 0.53
1220, 0.04
1221, 0.92
1222, 0.39
1223, 0.58
1224, 0.62
1225, 0.31
1226, 0.39
1227, 0.13
1228, 0.63
1229, 0.57
1230, 0.62
1231, 0.50
1232, 0.73
1233, 0.14
1234, 0.60
1235, 0.47
1236, 0.64
1237, 0.54
1238, 0.53
1239, 0.16
1240, 0.36
1241, 0.13
1242, 0.70
1243, 0.60
1244, 0.27
1245, 0.67
1246, 0.34
1247, 0.25
1248, 0.74
1249, 0.47
1250, 0.41
1251, 0.73
1252, 0.43
1253, 0.50
1254, 0.34
1255, 0.48
1256, 0.99
1257, 0.87
1258, 0.68
1259, 0.55
1260, 0.12
1261, 0.41
1262, 0.48
1263, 0.49
1264, 0.51
1265, 0.38
1266, 0.40
1267, 0.54
1268, 0.40
1269, 0.39
1270, 0.10
1271, 0.43
1272, 0.63
1273, 1.00
1274, 0.48
1275, 0.36
1276, 0.44
1277, 0.23
1278, 0.58
1279, 0.97
1280, 0.30
1281, 0.46
1282, 0.47
1283, 0.61
1284, 0.59
1285, 0.90
1286, 0.83
1287, 0.79
1288, 0.60
1289, 0.54
1290, 0.41
1291, 0.99
1292, 0.35
1293, 0.98
1294, 0.54
1295, 0.53
1296, 0.41
1297, 0.66
1298, 0.24
1299, 0.34
1300, 0.33
1301, 0.66
1302, 0.20
1303, 0.39
1304, 0.48
1305, 0.49
1306, 0.92
1307, 0.55
1308, 0.54
1309, 0.31
1310, 0.49
1311, 0.45
1312, 0.07
1313, 0.35
1314, 0.20
1315, 0.92
1316, 0.38
1317, 0.06
1318, 0.48
1319, 0.45
1320, 0.41
1321, 0.45
1322, 0.25
1323, 0.51
1324, 0.37
1325, 0.55
1326, 0.53
1327, 0.38
1328, 0.80
1329, 0.76
1330, 0.43
1331, 0.59
1332, 0.87
1333, 0.41
1334, 0.69
1335, 0.61
1336, 0.61
1337, 0.41
1338, 0.53
1339, 0.99
1340, 0.47
1341, 0.09
1342, 0.32
1343, 0.49
1344, 0.34
1345, 0.99
1346, 0.24
1347, 0.42
1348, 0.41
1349, 0.33
1350, 0.59
1351, 0.10
1352, 0.16
1353, 0.42
1354, 0.65
1355, 0.52
1356, 0.33
1357, 0.31
1358, 0.54
1359, 0.28
1360, 0.44
1361, 0.38
1362, 0.95
1363, 0.50
1364, 0.49
1365, 0.41
1366, 0.31
1367, 0.95
1368, 0.55
1369, 0.44
1370, 0.85
1371, 0.16
1372, 0.56
1373, 0.36
1374, 0.13
1375, 0.96
1376, 0.46
1377, 0.05
1378, 0.39
1379, 0.45
1380, 0.46
1381, 0.52
1382, 0.23
1383, 0.55
1384, 0.62
1385, 0.71
1386, 0.47
1387, 0.46
1388, 0.77
1389, 0.49
1390, 0.55
1391, 0.62
1392, 0.50
1393, 0.54
1394, 0.99
1395, 0.51
1396, 0.60
1397, 0.18
1398, 0.59
1399, 0.49
1400, 0.44
1401, 0.24
1402, 0.49
1403, 0.32
1404, 0.24
1405, 0.16
1406, 0.38
1407, 0.60
1408, 0.56
1409, 0.59
1410, 1.00
1411, 0.35
1412, 1.00
1413, 0.66
1414, 0.34
1415, 0.20
1416, 0.34
1417, 0.52
1418, 0.39
1419, 0.54
1420, 0.59
1421, 0.28
1422, 0.67
1423, 0.44
1424, 0.45
1425, 0.62
1426, 0.53
1427, 0.46
1428, 0.61
1429, 0.11
1430, 0.41
1431, 0.45
1432, 0.52
1433, 0.40
1434, 0.59
1435, 0.35
1436, 0.55
1437, 0.45
1438, 0.21
1439, 0.57
1440, 0.52
1441, 0.55
1442, 0.36
1443, 0.31
1444, 0.55
1445, 0.16
1446, 0.26
1447, 0.07
1448, 0.16
1449, 0.56
1450, 0.48
1451, 0.64
1452, 0.82
1453, 0.91
1454, 0.25
1455, 0.57
1456, 0.60
1457, 0.41
1458, 0.12
1459, 0.47
1460, 0.54
1461, 0.17
1462, 0.62
1463, 0.10
1464, 0.49
1465, 0.22
1466, 0.80
1467, 0.24
1468, 0.50
1469, 0.54
1470, 0.47
1471, 0.41
1472, 0.22
1473, 0.16
1474, 0.51
1475, 0.99
1476, 0.41
1477, 0.39
1478, 0.17
1479, 0.25
1480, 0.81
1481, 0.40
1482, 0.37
1483, 0.52
1484, 0.61
1485, 0.58
1486, 0.64
1487, 1.00
1488, 0.23
1489, 0.55
1490, 0.21
1491, 0.64
1492, 0.56
1493, 0.27
1494, 0.61
1495, 0.99
1496, 0.47
1497, 0.60
1498, 0.13
1499, 0.28
1500, 0.25
1501, 0.37
1502, 0.28
1503, 0.53
1504, 0.42
1505, 0.71
1506, 0.32
1507, 0.53
1508, 0.64
1509, 0.32
1510, 0.60
1511, 0.27
1512, 0.30
1513, 0.51
1514, 0.17
1515, 0.39
1516, 0.53
1517, 0.52
1518, 0.61
1519, 0.14
1520, 0.18
1521, 0.10
1522, 0.52
1523, 0.14
1524, 0.43
1525, 0.56
1526, 0.24
1527, 0.21
1528, 0.59
1529, 0.60
1530, 0.55
1531, 0.84
1532, 0.39
1533, 0.62
1534, 0.59
1535, 0.78
1536, 0.49
1537, 0.68
1538, 0.92
1539, 0.52
1540, 0.46
1541, 0.93
1542, 0.40
1543, 0.35
1544, 0.49
1545, 0.54
1546, 0.41
1547, 0.40
1548, 0.50
1549, 0.69
1550, 0.16
1551, 0.40
1552, 0.41
1553, 0.32
1554, 0.34
1555, 0.08
1556, 0.39
1557, 0.93
1558, 0.27
1559, 0.48
1560, 1.00
1561, 0.50
1562, 0.12
1563, 0.22
1564, 0.79
1565, 0.95
1566, 0.46
1567, 0.70
1568, 0.65
1569, 0.97
1570, 0.44
1571, 0.93
1572, 0.99
1573, 0.16
1574, 0.01
1575, 0.41
1576, 0.93
1577, 0.98
1578, 0.91
1579, 0.35
1580, 0.31
1581, 0.36
1582, 0.38
1583, 0.65
1584, 0.19
1585, 0.38
1586, 0.29
1587, 0.63
1588, 0.47
1589, 0.92
1590, 0.58
1591, 0.87
1592, 0.71
1593, 0.35
1594, 0.43
1595, 0.09
1596, 0.49
1597, 0.48
1598, 0.70
1599, 0.46
1600, 0.16
1601, 0.40
1602, 0.66
1603, 0.41
1604, 0.61
1605, 0.28
1606, 0.42
1607, 0.65
1608, 0.37
1609, 0.29
1610, 0.48
1611, 0.43
1612, 0.36
1613, 0.24
1614, 0.85
1615, 0.92
1616, 0.45
1617, 0.61
1618, 0.82
1619, 0.42
1620, 0.96
1621, 0.55
1622, 0.70
1623, 0.41
1624, 0.61
1625, 0.49
1626, 0.50
1627, 0.63
1628, 0.65
1629, 0.33
1630, 0.58
1631, 0.53
1632, 0.25
1633, 0.35
1634, 0.60
1635, 0.56
1636, 0.97
1637, 0.54
1638, 0.51
1639, 0.26
1640, 0.19
1641, 0.37
1642, 0.95
1643, 0.58
1644, 0.55
1645, 0.35
1646, 0.07
1647, 0.97
1648, 0.68
1649, 0.11
1650, 0.45
1651, 0.32
1652, 0.18
1653, 0.99
1654, 0.25
1655, 0.51
1656, 0.31
1657, 0.33
1658, 0.39
1659, 0.40
1660, 0.57
1661, 0.10
1662, 0.58
1663, 0.62
1664, 0.43
1665, 0.95
1666, 0.31
1667, 0.58
1668, 0.10
1669, 0.49
1670, 0.39
1671, 0.95
1672, 0.27
1673, 0.63
1674, 0.53
1675, 0.05
1676, 0.36
1677, 0.74
1678, 0.47
1679, 0.88
1680, 0.42
1681, 0.58
1682, 0.96
1683, 0.22
1684, 0.37
1685, 0.70
1686, 0.74
1687, 0.59
1688, 0.21
1689, 0.48
1690, 0.55
1691, 0.44
1692, 0.42
1693, 0.06
1694, 0.52
1695, 0.57
1696, 0.47
1697, 0.94
1698, 0.36
1699, 0.49
1700, 0.34
1701, 0.46
1702, 0.59
1703, 0.99
1704, 0.30
1705, 0.54
1706, 0.97
1707, 0.36
1708, 0.36
1709, 0.54
1710, 0.16
1711, 0.67
1712, 0.57
1713, 0.56
1714, 0.58
1715, 0.93
1716, 0.78
1717, 0.57
1718, 0.36
1719, 0.21
1720, 0.50
1721, 0.45
1722, 0.32
1723, 0.46
1724, 0.42
1725, 0.63
1726, 0.89
1727, 0.34
1728, 0.32
1729, 0.97
1730, 0.15
1731, 0.22
1732, 0.53
1733, 0.61
1734, 0.44
1735, 0.61
1736, 0.67
1737, 0.25
1738, 0.92
1739, 0.58
1740, 0.86
1741, 0.63
1742, 0.76
1743, 0.18
1744, 0.41
1745, 0.41
1746, 0.45
1747, 0.27
1748, 0.30
1749, 0.52
1750, 0.48
1751, 0.36
1752, 0.50
1753, 0.69
1754, 0.94
1755, 0.62
1756, 0.39
1757, 0.86
1758, 0.65
1759, 0.64
1760, 0.51
1761, 0.74
1762, 0.30
1763, 0.63
1764, 0.62
1765, 0.63
1766, 0.68
1767, 0.95
1768, 0.40
1769, 0.67
1770, 0.54
1771, 0.55
1772, 0.50
1773, 0.45
1774, 0.32
1775, 0.60
1776, 0.38
1777, 0.48
1778, 0.66
1779, 0.16
1780, 0.97
1781, 0.51
1782, 0.39
1783, 0.32
1784, 0.22
1785, 0.60
1786, 0.46
1787, 0.95
1788, 0.57
1789, 0.52
1790, 0.65
1791, 0.17
1792, 0.52
1793, 0.46
1794, 0.43
1795, 0.10
1796, 0.15
1797, 0.60
1798, 0.11
1799, 0.31
1800, 0.96
1801, 0.53
1802, 0.50
1803, 0.32
1804, 0.16
1805, 0.49
1806, 0.96
1807, 0.69
1808, 0.50
1809, 0.57
1810, 0.57
1811, 0.40
1812, 0.48
1813, 0.56
1814, 0.46
1815, 0.58
1816, 0.20
1817, 0.60
1818, 0.59
1819, 0.75
1820, 0.48
1821, 0.57
1822, 0.41
1823, 0.16
1824, 0.41
1825, 0.36
1826, 0.59
1827, 0.43
1828, 0.15
1829, 0.45
1830, 0.53
1831, 0.48
1832, 0.26
1833, 0.99
1834, 0.50
1835, 0.19
1836, 0.78
1837, 0.41
1838, 0.42
1839, 0.24
1840, 0.51
1841, 0.33
1842, 0.28
1843, 0.15
1844, 0.47
1845, 0.48
1846, 0.76
1847, 0.37
1848, 0.52
1849, 0.38
1850, 0.47
1851, 0.55
1852, 0.53
1853, 0.62
1854, 0.50
1855, 0.33
1856, 0.65
1857, 0.41
1858, 0.19
1859, 0.57
1860, 0.17
1861, 0.46
1862, 0.73
1863, 0.17
1864, 0.43
1865, 0.36
1866, 0.50
1867, 0.47
1868, 0.32
1869, 0.50
1870, 0.32
1871, 0.35
1872, 0.45
1873, 0.35
1874, 0.40
1875, 0.53
1876, 0.94
1877, 0.47
1878, 0.48
1879, 0.77
1880, 0.96
1881, 0.89
1882, 0.55
1883, 0.16
1884, 0.50
1885, 0.18
1886, 0.45
1887, 0.10
1888, 0.20
1889, 0.39
1890, 0.56
1891, 0.70
1892, 0.98
1893, 0.52
1894, 0.12
1895, 0.54
1896, 0.28
1897, 0.39
1898, 0.39
1899, 0.81
1900, 0.40
1901, 0.50
1902, 0.96
1903, 0.60
1904, 0.53
1905, 0.47
1906, 0.43
1907, 0.92
1908, 0.61
1909, 0.65
1910, 0.35
1911, 0.30
1912, 0.91
1913, 0.51
1914, 0.31
1915, 0.31
1916, 0.42
1917, 0.51
1918, 0.33
1919, 0.92
1920, 0.28
1921, 0.97
1922, 0.55
1923, 0.47
1924, 0.99
1925, 0.31
1926, 0.43
1927, 0.55
1928, 0.44
1929, 0.57
1930, 0.17
1931, 0.51
1932, 0.39
1933, 0.66
1934, 0.45
1935, 0.39
1936, 0.54
1937, 0.59
1938, 0.54
1939, 0.47
1940, 0.37
1941, 0.47
1942, 0.51
1943, 0.73
1944, 0.90
1945, 0.22
1946, 0.60
1947, 0.17
1948, 0.42
1949, 0.96
1950, 0.49
1951, 0.59
1952, 0.45
1953, 0.84
1954, 0.68
1955, 0.45
1956, 0.60
1957, 0.51
1958, 0.42
1959, 0.54
1960, 0.35
1961, 0.99
1962, 0.66
1963, 0.76
1964, 0.66
1965, 0.56
1966, 0.32
1967, 0.55
1968, 0.25
1969, 0.63
1970, 0.94
1971, 0.69
1972, 0.98
1973, 0.49
1974, 0.52
1975, 0.67
1976, 0.38
1977, 0.60
1978, 0.35
1979, 0.49
1980, 0.62
1981, 0.45
1982, 0.50
1983, 0.41
1984, 0.51
1985, 0.46
1986, 0.96
1987, 0.41
1988, 0.39
1989, 0.64
1990, 0.63
1991, 0.49
1992, 0.68
1993, 0.45
1994, 0.61
1995, 0.41
1996, 0.54
1997, 0.63
1998, 0.56
1999, 0.40
2000, 0.27
2001, 0.01
2002, 0.46
2003, 0.24
2004, 0.99
2005, 0.94
2006, 0.51
2007, 0.66
2008, 0.22
2009, 0.50
2010, 0.95
2011, 0.42
2012, 0.46
2013, 0.54
2014, 0.66
2015, 0.76
2016, 0.64
2017, 0.44
2018, 0.63
2019, 0.29
2020, 0.28
2021, 0.58
2022, 0.54
2023, 0.12
2024, 0.38
2025, 0.38
2026, 0.53
2027, 0.92
2028, 0.59
2029, 0.94
2030, 0.06
2031, 0.66
2032, 0.18
2033, 0.32
2034, 0.18
2035, 0.43
2036, 0.65
2037, 0.40
2038, 0.50
2039, 0.23
2040, 0.30
2041, 0.39
2042, 0.61
2043, 0.43
2044, 0.48
2045, 0.38
2046, 0.77
2047, 0.18
2048, 0.24
2049, 0.53
2050, 0.28
2051, 0.17
2052, 0.56
2053, 0.68
2054, 0.41
2055, 0.43
2056, 0.43
2057, 0.47
2058, 0.41
2059, 0.55
2060, 0.40
2061, 0.43
2062, 0.21
2063, 0.53
2064, 0.49
2065, 0.98
2066, 0.23
2067, 0.48
2068, 0.28
2069, 0.14
2070, 0.63
2071, 0.65
2072, 0.16
2073, 0.35
2074, 0.29
2075, 0.58
2076, 0.43
2077, 0.37
2078, 0.50
2079, 0.41
2080, 0.52
2081, 0.88
2082, 0.64
2083, 0.25
2084, 0.73
2085, 0.56
2086, 0.26
2087, 0.92
2088, 0.38
2089, 0.41
2090, 0.67
2091, 0.63
2092, 0.60
2093, 0.52
2094, 0.35
2095, 0.41
2096, 0.39
2097, 0.38
2098, 0.15
2099, 0.49
2100, 0.38
2101, 0.39
2102, 0.31
2103, 0.51
2104, 0.10
2105, 0.89
2106, 0.84
2107, 0.99
2108, 0.48
2109, 0.71
2110, 0.83
2111, 0.67
2112, 0.16
2113, 0.30
2114, 0.09
2115, 0.99
2116, 0.24
2117, 0.59
2118, 0.09
2119, 0.54
2120, 0.56
2121, 0.29
2122, 0.63
2123, 0.31
2124, 0.75
2125, 0.55
2126, 0.50
2127, 0.67
2128, 0.47
2129, 0.35
2130, 0.46
2131, 0.49
2132, 0.28
2133, 0.95
2134, 0.90
2135, 0.63
2136, 0.62
2137, 0.84
2138, 0.52
2139, 0.44
2140, 0.18
2141, 1.00
2142, 0.53
2143, 0.62
2144, 0.41
2145, 0.62
2146, 0.39
2147, 0.56
2148, 0.62
2149, 0.23
2150, 0.07
2151, 0.56
2152, 0.55
2153, 0.52
2154, 0.74
2155, 0.74
2156, 0.57
2157, 0.51
2158, 0.46
2159, 0.64
2160, 0.55
2161, 0.67
2162, 0.51
2163, 0.09
2164, 0.56
2165, 0.51
2166, 0.71
2167, 0.54
2168, 0.87
2169, 0.41
2170, 0.27
2171, 0.44
2172, 0.24
2173, 0.62
2174, 0.20
2175, 0.49
2176, 0.40
2177, 0.68
2178, 0.47
2179, 0.37
2180, 0.60
2181, 0.41
2182, 0.98
2183, 0.66
2184, 0.33
2185, 0.41
2186, 0.70
2187, 0.30
2188, 0.51
2189, 0.43
2190, 0.05
2191, 0.13
2192, 0.30
2193, 1.00
2194, 0.24
2195, 0.46
2196, 0.80
2197, 0.22
2198, 0.52
2199, 0.25
2200, 0.45
2201, 0.47
2202, 0.97
2203, 0.82
2204, 0.61
2205, 0.33
2206, 0.22
2207, 0.49
2208, 0.13
2209, 0.30
2210, 1.00
2211, 0.46
2212, 0.63
2213, 0.35
2214, 0.08
2215, 0.42
2216, 0.09
2217, 0.90
2218, 0.47
2219, 0.59
2220, 0.43
2221, 0.58
2222, 0.54
2223, 0.51
2224, 0.06
2225, 0.60
2226, 0.52
2227, 0.29
2228, 0.37
2229, 0.14
2230, 0.36
2231, 0.50
2232, 0.87
2233, 0.57
2234, 0.48
2235, 0.63
2236, 0.31
2237, 0.41
2238, 0.27
2239, 0.23
2240, 0.54
2241, 0.45
2242, 0.57
2243, 0.83
2244, 0.25
2245, 0.57
2246, 0.48
2247, 0.31
2248, 0.40
2249, 0.44
2250, 0.95
2251, 0.56
2252, 0.51
2253, 0.56
2254, 0.03
2255, 0.88
2256, 0.22
2257, 0.32
2258, 0.44
2259, 0.20
2260, 0.92
2261, 0.95
2262, 0.58
2263, 0.38
2264, 0.36
2265, 0.16
2266, 0.52
2267, 0.28
2268, 0.91
2269, 0.70
2270, 0.16
2271, 0.38
2272, 0.39
2273, 0.47
2274, 0.24
2275, 0.90
2276, 0.35
2277, 0.34
2278, 0.32
2279, 0.01
2280, 0.72
2281, 0.58
2282, 0.53
2283, 0.38
2284, 0.54
2285, 0.54
2286, 0.72
2287, 0.18
2288, 0.43
2289, 0.52
2290, 0.86
2291, 0.37
2292, 0.96
2293, 0.98
2294, 0.56
2295, 0.70
2296, 0.72
2297, 0.53
2298, 0.56
2299, 0.16
2300, 0.91
2301, 0.22
2302, 0.09
2303, 0.54
2304, 0.49
2305, 0.62
2306, 0.38
2307, 0.57
2308, 0.65
2309, 0.64
2310, 0.68
2311, 0.44
2312, 0.40
2313, 0.24
2314, 0.34
2315, 0.46
2316, 0.33
2317, 0.79
2318, 0.61
2319, 0.60
2320, 0.57
2321, 0.47
2322, 0.37
2323, 0.31
2324, 0.46
2325, 0.54
2326, 0.13
2327, 0.41
2328, 0.52
2329, 0.09
2330, 0.34
2331, 0.37
2332, 0.40
2333, 0.93
2334, 0.20
2335, 0.33
2336, 0.92
2337, 0.29
2338, 0.74
2339, 0.40
2340, 0.45
2341, 0.69
2342, 0.15
2343, 0.82
2344, 0.49
2345, 0.47
2346, 0.44
2347, 0.44
2348, 0.26
2349, 0.49
2350, 0.38
2351, 1.00
2352, 0.48
2353, 0.24
2354, 0.56
2355, 0.48
2356, 0.22
2357, 0.96
2358, 0.52
2359, 0.35
2360, 0.35
2361, 0.99
2362, 0.50
2363, 0.89
2364, 0.46
2365, 0.62
2366, 0.51
2367, 0.14
2368, 0.54
2369, 0.48
2370, 0.43
2371, 0.38
2372, 0.51
2373, 0.32
2374, 0.24
2375, 0.59
2376, 0.64
2377, 0.57
2378, 0.39
2379, 0.73
2380, 0.37
2381, 0.11
2382, 0.36
2383, 0.58
2384, 0.34
2385, 0.83
2386, 0.44
2387, 1.00
2388, 0.29
2389, 0.91
2390, 0.41
2391, 0.39
2392, 0.88
2393, 0.19
2394, 0.07
2395, 0.68
2396, 0.57
2397, 0.43
2398, 0.97
2399, 0.21
2400, 0.67
2401, 0.45
2402, 0.47
2403, 0.37
2404, 0.24
2405, 0.64
2406, 0.55
2407, 0.19
2408, 0.94
2409, 0.17
2410, 0.67
2411, 0.59
2412, 0.91
2413, 0.56
2414, 0.32
2415, 0.45
2416, 0.41
2417, 0.66
2418, 0.56
2419, 0.99
2420, 0.53
2421, 0.88
2422, 0.62
2423, 0.48
2424, 0.42
2425, 0.52
2426, 0.28
2427, 0.58
2428, 0.50
2429, 0.45
2430, 0.41
2431, 0.43
2432, 0.66
2433, 0.83
2434, 0.60
2435, 0.44
2436, 0.16
2437, 0.48
2438, 0.25
2439, 0.22
2440, 0.17
2441, 0.19
2442, 0.38
2443, 0.44
2444, 0.23
2445, 0.29
2446, 0.14
2447, 0.68
2448, 0.49
2449, 0.67
2450, 0.41
2451, 0.45
2452, 0.44
2453, 0.52
2454, 0.41
2455, 0.52
2456, 0.82
2457, 0.70
2458, 0.34
2459, 0.36
2460, 0.81
2461, 1.00
2462, 0.43
2463, 0.89
2464, 0.64
2465, 0.57
2466, 0.21
2467, 0.67
2468, 0.69
2469, 0.09
2470, 0.46
2471, 0.36
2472, 0.12
2473, 0.53
2474, 0.46
2475, 0.39
2476, 0.56
2477, 0.42
2478, 0.22
2479, 0.96
2480, 0.70
2481, 0.47
2482, 0.94
2483, 0.43
2484, 0.62
2485, 0.27
2486, 0.52
2487, 0.59
2488, 0.43
2489, 0.35
2490, 0.51
2491, 0.61
2492, 0.47
2493, 0.63
2494, 0.55
2495, 0.28
2496, 0.29
2497, 0.41
2498, 0.99
2499, 0.37
2500, 0.37
2501, 0.30
2502, 0.37
2503, 0.35
2504, 0.35
2505, 0.71
2506, 0.46
2507, 0.47
2508, 0.51
2509, 0.10
2510, 0.51
2511, 0.45
2512, 0.43
2513, 0.88
2514, 0.99
2515, 0.74
2516, 0.97
2517, 0.13
2518, 0.43
2519, 0.32
2520, 0.45
2521, 0.26
2522, 0.41
2523, 0.56
2524, 0.30
2525, 0.43
2526, 0.05
2527, 0.56
2528, 0.48
2529, 0.45
2530, 0.60
2531, 0.50
2532, 0.58
2533, 0.31
2534, 0.52
2535, 0.12
2536, 0.33
2537, 0.65
2538, 0.58
2539, 0.72
2540, 0.22
2541, 0.96
2542, 0.15
2543, 0.69
2544, 0.49
2545, 0.62
2546, 0.30
2547, 0.43
2548, 0.45
2549, 0.46
2550, 0.95
2551, 0.43
2552, 0.76
2553, 0.87
2554, 0.59
2555, 0.57
2556, 0.35
2557, 0.45
2558, 0.61
2559, 0.49
2560, 0.32
2561, 0.05
2562, 0.95
2563, 0.90
2564, 0.31
2565, 0.36
2566, 0.44
2567, 0.57
2568, 0.36
2569, 0.95
2570, 0.32
2571, 0.21
2572, 0.61
2573, 0.91
2574, 0.48
2575, 0.43
2576, 0.56
2577, 0.19
2578, 0.52
2579, 0.43
2580, 0.47
2581, 0.60
2582, 0.48
2583, 0.51
2584, 0.34
2585, 0.56
2586, 0.63
2587, 0.46
2588, 0.14
2589, 0.63
2590, 0.49
2591, 0.46
2592, 0.52
2593, 0.62
2594, 0.37
2595, 0.82
2596, 0.31
2597, 0.41
2598, 0.45
2599, 0.27
2600, 0.58
2601, 0.25
2602, 0.59
2603, 0.52
2604, 0.24
2605, 0.57
2606, 0.88
2607, 0.37
2608, 0.39
2609, 0.44
2610, 0.18
2611, 0.28
2612, 0.48
2613, 0.61
2614, 0.31
2615, 0.60
2616, 0.61
2617, 0.97
2618, 0.53
2619, 0.11
2620, 0.55
2621, 0.29
2622, 0.84
2623, 0.40
2624, 0.53
2625, 0.52
2626, 0.94
2627, 0.95
2628, 0.54
2629, 0.71
2630, 0.52
2631, 0.34
2632, 0.59
2633, 0.91
2634, 0.55
2635, 0.20
2636, 0.36
2637, 0.16
2638, 0.18
2639, 0.64
2640, 0.56
2641, 0.51
2642, 0.54
2643, 0.52
2644, 0.34
2645, 0.60
2646, 0.37
2647, 0.55
2648, 0.52
2649, 0.58
2650, 0.55
2651, 0.37
2652, 0.37
2653, 0.05
2654, 0.75
2655, 0.46
2656, 0.71
2657, 0.99
2658, 0.76
2659, 0.08
2660, 0.65
2661, 0.35
2662, 0.99
2663, 0.60
2664, 0.43
2665, 0.65
2666, 0.49
2667, 0.20
2668, 0.66
2669, 0.13
2670, 0.55
2671, 1.00
2672, 0.34
2673, 0.33
2674, 0.69
2675, 0.08
2676, 0.30
2677, 0.34
2678, 0.75
2679, 0.32
2680, 0.55
2681, 0.93
2682, 0.47
2683, 0.91
2684, 0.47
2685, 0.35
2686, 0.69
2687, 0.75
2688, 0.55
2689, 0.53
2690, 0.33
2691, 0.48
2692, 0.46
2693, 0.25
2694, 0.47
2695, 0.41
2696, 0.37
2697, 0.51
2698, 0.62
2699, 0.49
2700, 0.43
2701, 0.34
2702, 0.27
2703, 0.40
2704, 0.34
2705, 0.44
2706, 0.99
2707, 0.30
2708, 0.69
2709, 0.72
2710, 0.73
2711, 0.29
2712, 0.82
2713, 0.50
2714, 0.57
2715, 0.30
2716, 0.44
2717, 0.19
2718, 0.64
2719, 0.38
2720, 0.51
2721, 0.96
2722, 0.34
2723, 0.53
2724, 0.51
2725, 0.12
2726, 0.64
2727, 0.61
2728, 0.40
2729, 0.29
2730, 0.43
2731, 0.60
2732, 0.74
2733, 0.18
2734, 0.22
2735, 0.60
2736, 0.49
2737, 0.31
2738, 0.50
2739, 0.48
2740, 0.47
2741, 0.80
2742, 0.80
2743, 0.82
2744, 0.07
2745, 0.45
2746, 0.46
2747, 0.30
2748, 0.57
2749, 0.29
2750, 0.51
2751, 0.37
2752, 0.39
2753, 0.60
2754, 0.71
2755, 1.00
2756, 0.19
2757, 0.40
2758, 0.99
2759, 0.37
2760, 0.36
2761, 0.10
2762, 0.35
2763, 0.33
2764, 0.45
2765, 0.45
2766, 0.43
2767, 0.51
2768, 0.55
2769, 0.38
2770, 0.26
2771, 0.66
2772, 0.42
2773, 0.41
2774, 0.48
2775, 0.16
2776, 0.85
2777, 0.91
2778, 0.57
2779, 0.09
2780, 0.48
2781, 0.60
2782, 0.12
2783, 0.58
2784, 0.85
2785, 0.49
2786, 0.99
2787, 0.55
2788, 0.18
2789, 0.38
2790, 0.43
2791, 0.45
2792, 1.00
2793, 0.45
2794, 0.48
2795, 0.75
2796, 0.55
2797, 0.48
2798, 0.57
2799, 0.42
2800, 0.15
2801, 0.07
2802, 0.33
2803, 0.66
2804, 0.18
2805, 0.58
2806, 0.10
2807, 0.56
2808, 0.67
2809, 0.43
2810, 0.45
2811, 0.26
2812, 0.40
2813, 0.51
2814, 0.32
2815, 0.61
2816, 0.36
2817, 0.20
2818, 0.41
2819, 0.53
2820, 0.97
2821, 0.43
2822, 0.52
2823, 0.04
2824, 0.67
2825, 0.14
2826, 1.00
2827, 0.19
2828, 0.35
2829, 0.52
2830, 0.45
2831, 0.55
2832, 0.56
2833, 0.44
2834, 0.97
2835, 0.52
2836, 0.17
2837, 0.78
2838, 0.45
2839, 0.45
2840, 0.57
2841, 0.24
2842, 0.40
2843, 0.49
2844, 0.47
2845, 0.56
2846, 0.43
2847, 0.40
2848, 0.55
2849, 0.49
2850, 0.43
2851, 0.52
2852, 0.16
2853, 0.79
2854, 0.64
2855, 0.57
2856, 0.19
2857, 0.90
2858, 0.27
2859, 0.43
2860, 0.50
2861, 0.36
2862, 0.63
2863, 0.61
2864, 0.46
2865, 0.62
2866, 0.35
2867, 0.48
2868, 0.47
2869, 0.51
2870, 0.72
2871, 0.18
2872, 0.51
2873, 0.52
2874, 0.44
2875, 0.38
2876, 0.12
2877, 0.46
2878, 0.51
2879, 0.67
2880, 0.91
2881, 0.46
2882, 0.95
2883, 0.97
2884, 0.93
2885, 0.43
2886, 0.53
2887, 0.59
2888, 0.45
2889, 0.66
2890, 0.39
2891, 0.77
2892, 0.62
2893, 0.69
2894, 0.42
2895, 0.52
2896, 0.95
2897, 0.33
2898, 0.95
2899, 0.38
2900, 0.60
2901, 0.51
2902, 0.94
2903, 0.98
2904, 0.26
2905, 0.51
2906, 0.50
2907, 0.68
2908, 0.67
2909, 0.27
2910, 0.99
2911, 0.58
2912, 0.26
2913, 0.47
2914, 0.23
2915, 0.83
2916, 0.52
2917, 0.25
2918, 0.65
2919, 0.44
2920, 0.17
2921, 1.00
2922, 0.61
2923, 0.53
2924, 0.51
2925, 0.59
2926, 0.14
2927, 0.61
2928, 0.42
2929, 0.51
2930, 0.42
2931, 0.52
2932, 0.40
2933, 0.50
2934, 0.52
2935, 0.66
2936, 0.54
2937, 0.40
2938, 0.83
2939, 0.12
2940, 0.51
2941, 0.31
2942, 0.40
2943, 0.58
2944, 0.55
2945, 0.06
2946, 0.45
2947, 0.53
2948, 1.00
2949, 0.98
2950, 0.13
2951, 0.42
2952, 0.69
2953, 0.48
2954, 0.98
2955, 0.47
2956, 0.65
2957, 0.90
2958, 0.26
2959, 0.09
2960, 0.33
2961, 0.26
2962, 0.33
2963, 0.54
2964, 0.50
2965, 0.41
2966, 0.43
2967, 0.42
2968, 0.12
2969, 0.61
2970, 0.06
2971, 0.56
2972, 0.08
2973, 0.95
2974, 0.71
2975, 0.08
2976, 0.69
2977, 0.63
2978, 0.62
2979, 0.38
2980, 0.46
2981, 0.56
2982, 0.40
2983, 0.10
2984, 0.35
2985, 0.59
2986, 0.48
2987, 0.07
2988, 0.54
2989, 0.26
2990, 0.59
2991, 0.40
2992, 0.82
2993, 0.42
2994, 0.61
2995, 0.52
2996, 0.31
2997, 0.63
2998, 0.30
2999, 0.50
3000, 0.05
3001, 0.43
3002, 0.44
3003, 0.94
3004, 0.93
3005, 0.48
3006, 0.16
3007, 0.45
3008, 0.57
3009, 0.29
3010, 0.51
3011, 0.32
3012, 0.34
3013, 0.52
3014, 0.46
3015, 0.57
3016, 0.18
3017, 0.74
3018, 0.60
3019, 0.43
3020, 0.66
3021, 0.55
3022, 0.46
3023, 0.63
3024, 0.33
3025, 0.54
3026, 0.34
3027, 0.63
3028, 0.59
3029, 0.27
3030, 0.26
3031, 0.98
3032, 0.44
3033, 0.48
3034, 0.55
3035, 0.72
3036, 0.67
3037, 0.40
3038, 0.48
3039, 0.57
3040, 0.76
3041, 0.10
3042, 0.26
3043, 0.16
3044, 0.74
3045, 0.73
3046, 0.38
3047, 0.27
3048, 0.34
3049, 0.18
3050, 0.20
3051, 0.48
3052, 0.61
3053, 0.31
3054, 0.07
3055, 0.34
3056, 0.64
3057, 0.61
3058, 0.51
3059, 0.28
3060, 0.51
3061, 0.47
3062, 0.38
3063, 0.39
3064, 0.15
3065, 0.41
3066, 0.54
3067, 0.48
3068, 0.46
3069, 0.56
3070, 0.58
3071, 0.35
3072, 0.68
3073, 0.49
3074, 0.39
3075, 0.40
3076, 0.38
3077, 0.16
3078, 0.33
3079, 0.48
3080, 0.43
3081, 1.00
3082, 0.99
3083, 0.36
3084, 0.43
3085, 0.39
3086, 0.46
3087, 0.59
3088, 0.56
3089, 0.93
3090, 0.52
3091, 0.53
3092, 0.10
3093, 0.48
3094, 0.93
3095, 0.44
3096, 0.19
3097, 0.68
3098, 0.41
3099, 0.57
3100, 1.00
3101, 0.64
3102, 0.36
3103, 0.33
3104, 0.30
3105, 0.28
3106, 0.34
3107, 0.48
3108, 0.27
3109, 0.16
3110, 0.99
3111, 0.64
3112, 0.48
3113, 0.66
3114, 0.32
3115, 0.52
3116, 0.25
3117, 0.49
3118, 0.33
3119, 0.56
3120, 0.39
3121, 0.45
3122, 0.34
3123, 0.75
3124, 0.96
3125, 0.58
3126, 0.67
3127, 0.66
3128, 0.30
3129, 0.60
3130, 0.85
3131, 0.30
3132, 0.48
3133, 0.80
3134, 0.59
3135, 0.69
3136, 0.35
3137, 0.44
3138, 0.51
3139, 0.46
3140, 0.27
3141, 0.40
3142, 0.94
3143, 0.41
3144, 0.71
3145, 0.14
3146, 0.59
3147, 0.30
3148, 0.51
3149, 0.61
3150, 0.49
3151, 0.46
3152, 0.56
3153, 0.34
3154, 0.74
3155, 0.30
3156, 0.63
3157, 0.70
3158, 0.62
3159, 0.95
3160, 0.94
3161, 0.21
3162, 0.62
3163, 0.61
3164, 0.97
3165, 0.55
3166, 0.44
3167, 0.30
3168, 0.51
3169, 0.49
3170, 0.51
3171, 0.39
3172, 0.50
3173, 1.00
3174, 0.44
3175, 0.71
3176, 0.56
3177, 0.18
3178, 0.74
3179, 0.33
3180, 0.17
3181, 0.60
3182, 0.67
3183, 0.46
3184, 0.47
3185, 0.53
3186, 0.15
3187, 0.37
3188, 0.42
3189, 0.64
3190, 0.45
3191, 0.94
3192, 0.44
3193, 0.48
3194, 0.99
3195, 0.10
3196, 0.44
3197, 0.29
3198, 0.37
3199, 0.48
3200, 0.63
3201, 0.68
3202, 0.47
3203, 0.73
3204, 0.93
3205, 0.50
3206, 0.56
3207, 0.95
3208, 0.34
3209, 0.55
3210, 0.48
3211, 0.97
3212, 0.86
3213, 0.13
3214, 0.33
3215, 0.89
3216, 0.16
3217, 0.61
3218, 0.63
3219, 0.51
3220, 0.31
3221, 0.45
3222, 0.93
3223, 0.68
3224, 0.38
3225, 0.39
3226, 0.46
3227, 0.49
3228, 0.31
3229, 0.57
3230, 0.52
3231, 0.35
3232, 0.96
3233, 0.48
3234, 0.40
3235, 0.06
3236, 0.53
3237, 0.58
3238, 0.40
3239, 0.69
3240, 0.20
3241, 0.52
3242, 0.45
3243, 0.51
3244, 0.64
3245, 0.36
3246, 0.51
3247, 0.89
3248, 0.59
3249, 0.51
3250, 0.17
3251, 0.45
3252, 0.95
3253, 0.66
3254, 0.94
3255, 0.49
3256, 0.38
3257, 0.49
3258, 0.99
3259, 0.43
3260, 0.08
3261, 0.26
3262, 0.41
3263, 0.48
3264, 0.38
3265, 0.61
3266, 0.63
3267, 0.22
3268, 0.55
3269, 0.65
3270, 0.36
3271, 0.28
3272, 0.40
3273, 0.51
3274, 0.95
3275, 0.76
3276, 0.15
3277, 0.34
3278, 0.27
3279, 0.77
3280, 0.82
3281, 0.53
3282, 0.59
3283, 0.09
3284, 0.45
3285, 0.23
3286, 0.96
3287, 0.44
3288, 0.51
3289, 0.47
3290, 0.35
3291, 0.72
3292, 0.91
3293, 0.57
3294, 0.36
3295, 0.18
3296, 0.41
3297, 0.45
3298, 0.45
3299, 0.63
3300, 0.47
3301, 0.48
3302, 0.28
3303, 0.50
3304, 0.45
3305, 0.18
3306, 0.45
3307, 0.53
3308, 0.34
3309, 0.53
3310, 0.99
3311, 0.40
3312, 0.63
3313, 1.00
3314, 0.65
3315, 0.20
3316, 0.52
3317, 0.57
3318, 0.59
3319, 0.14
3320, 0.31
3321, 0.54
3322, 0.58
3323, 0.52
3324, 0.40
3325, 0.32
3326, 0.26
3327, 0.21
3328, 0.64
3329, 0.15
3330, 0.31
3331, 0.57
3332, 0.52
3333, 0.52
3334, 0.52
3335, 0.96
3336, 0.20
3337, 0.39
3338, 0.31
3339, 0.63
3340, 0.97
3341, 0.55
3342, 0.98
3343, 0.02
3344, 0.51
3345, 0.64
3346, 0.74
3347, 0.46
3348, 0.27
3349, 0.73
3350, 0.32
3351, 0.41
3352, 0.14
3353, 0.37
3354, 0.34
3355, 0.27
3356, 0.66
3357, 0.57
3358, 0.11
3359, 0.45
3360, 0.54
3361, 0.73
3362, 0.45
3363, 0.38
3364, 0.45
3365, 0.65
3366, 0.70
3367, 0.36
3368, 0.33
3369, 0.60
3370, 0.64
3371, 0.09
3372, 0.35
3373, 0.53
3374, 0.54
3375, 0.39
3376, 0.19
3377, 0.85
3378, 0.29
3379, 0.41
3380, 0.15
3381, 0.08
3382, 0.24
3383, 0.43
3384, 0.26
3385, 0.46
3386, 0.99
3387, 0.50
3388, 0.43
3389, 0.29
3390, 0.66
3391, 0.38
3392, 0.40
3393, 0.25
3394, 0.70
3395, 0.43
3396, 0.97
3397, 0.48
3398, 0.45
3399, 0.53
3400, 0.96
3401, 0.66
3402, 0.64
3403, 0.43
3404, 0.49
3405, 0.56
3406, 0.43
3407, 0.29
3408, 0.23
3409, 0.22
3410, 0.29
3411, 0.44
3412, 0.60
3413, 0.64
3414, 0.98
3415, 0.56
3416, 0.12
3417, 0.93
3418, 0.40
3419, 0.20
3420, 0.26
3421, 0.12
3422, 0.56
3423, 0.11
3424, 0.61
3425, 0.96
3426, 0.59
3427, 0.54
3428, 0.58
3429, 0.58
3430, 0.58
3431, 0.97
3432, 0.16
3433, 0.43
3434, 0.38
3435, 0.58
3436, 0.55
3437, 0.99
3438, 0.15
3439, 0.24
3440, 0.26
3441, 0.29
3442, 0.14
3443, 0.39
3444, 0.53
3445, 0.36
3446, 0.59
3447, 0.70
3448, 0.55
3449, 0.47
3450, 0.22
3451, 0.47
3452, 0.75
3453, 0.66
3454, 0.96
3455, 0.21
3456, 0.33
3457, 0.99
3458, 0.45
3459, 0.37
3460, 0.63
3461, 0.31
3462, 0.81
3463, 0.87
3464, 0.59
3465, 0.25
3466, 0.41
3467, 0.51
3468, 0.43
3469, 0.55
3470, 0.26
3471, 0.61
3472, 0.32
3473, 0.47
3474, 0.58
3475, 0.66
3476, 0.41
3477, 0.27
3478, 0.49
3479, 0.53
3480, 0.63
3481, 0.29
3482, 0.31
3483, 0.60
3484, 0.11
3485, 0.85
3486, 0.69
3487, 0.57
3488, 0.60
3489, 0.39
3490, 0.82
3491, 0.47
3492, 0.84
3493, 0.51
3494, 0.36
3495, 0.49
3496, 0.32
3497, 0.44
3498, 0.41
3499, 0.58
3500, 0.24
3501, 0.45
3502, 0.45
3503, 0.39
3504, 0.18
3505, 0.71
3506, 0.12
3507, 0.32
3508, 0.37
3509, 0.50
3510, 0.34
3511, 0.55
3512, 0.35
3513, 0.63
3514, 0.48
3515, 0.26
3516, 0.73
3517, 0.46
3518, 0.07
3519, 0.42
3520, 0.48
3521, 0.76
3522, 0.24
3523, 0.37
3524, 0.45
3525, 0.94
3526, 0.45
3527, 0.40
3528, 0.90
3529, 0.31
3530, 0.51
3531, 0.37
3532, 0.59
3533, 0.68
3534, 0.26
3535, 0.48
3536, 0.39
3537, 0.65
3538, 0.48
3539, 0.52
3540, 0.42
3541, 0.99
3542, 0.20
3543, 0.55
3544, 0.27
3545, 0.44
3546, 0.28
3547, 0.60
3548, 0.29
3549, 0.62
3550, 0.44
3551, 0.60
3552, 0.50
3553, 0.47
3554, 0.97
3555, 0.26
3556, 0.57
3557, 0.33
3558, 0.53
3559, 0.47
3560, 0.14
3561, 0.97
3562, 0.36
3563, 0.04
3564, 0.22
3565, 0.14
3566, 0.46
3567, 0.42
3568, 0.09
3569, 0.96
3570, 0.65
3571, 0.67
3572, 0.12
3573, 0.43
3574, 0.91
3575, 0.23
3576, 0.34
3577, 0.24
3578, 0.43
3579, 0.33
3580, 0.21
3581, 0.68
3582, 0.61
3583, 0.50
3584, 0.47
3585, 0.42
3586, 0.99
3587, 0.21
3588, 0.43
3589, 0.54
3590, 0.33
3591, 0.53
3592, 0.51
3593, 0.34
3594, 0.19
3595, 0.98
3596, 0.26
3597, 0.28
3598, 0.25
3599, 0.43
3600, 0.22
3601, 0.44
3602, 0.17
3603, 0.99
3604, 0.53
3605, 0.42
3606, 0.52
3607, 0.12
3608, 0.37
3609, 0.63
3610, 0.52
3611, 0.57
3612, 0.50
3613, 0.21
3614, 0.48
3615, 0.22
3616, 0.98
3617, 0.49
3618, 0.62
3619, 0.45
3620, 0.49
3621, 0.39
3622, 0.23
3623, 0.99
3624, 0.62
3625, 0.89
3626, 0.55
3627, 0.41
3628, 0.43
3629, 0.36
3630, 0.42
3631, 0.98
3632, 0.56
3633, 0.32
3634, 0.66
3635, 0.57
3636, 0.56
3637, 0.33
3638, 0.38
3639, 0.41
3640, 0.48
3641, 0.56
3642, 0.65
3643, 0.93
3644, 0.99
3645, 0.48
3646, 1.00
3647, 0.62
3648, 0.47
3649, 0.51
3650, 0.18
3651, 0.47
3652, 0.39
3653, 0.97
3654, 0.39
3655, 0.84
3656, 0.25
3657, 0.12
3658, 0.64
3659, 0.59
3660, 0.98
3661, 0.53
3662, 0.50
3663, 0.74
3664, 0.42
3665, 0.36
3666, 0.51
3667, 0.67
3668, 0.45
3669, 0.34
3670, 0.19
3671, 0.45
3672, 0.49
3673, 0.52
3674, 0.55
3675, 0.70
3676, 0.34
3677, 0.50
3678, 0.49
3679, 0.55
3680, 0.34
3681, 0.35
3682, 0.08
3683, 0.38
3684, 0.45
3685, 0.51
3686, 0.53
3687, 0.37
3688, 0.35
3689, 0.51
3690, 0.28
3691, 0.29
3692, 0.57
3693, 0.30
3694, 1.00
3695, 0.57
3696, 0.70
3697, 0.72
3698, 0.46
3699, 0.62
3700, 1.00
3701, 0.55
3702, 0.43
3703, 0.22
3704, 0.41
3705, 0.97
3706, 0.57
3707, 0.51
3708, 0.43
3709, 0.30
3710, 0.10
3711, 0.65
3712, 0.48
3713, 0.39
3714, 0.32
3715, 0.40
3716, 0.43
3717, 0.84
3718, 0.36
3719, 0.40
3720, 0.19
3721, 0.84
3722, 0.64
3723, 0.49
3724, 0.46
3725, 0.25
3726, 0.59
3727, 0.88
3728, 0.50
3729, 0.30
3730, 0.69
3731, 0.45
3732, 0.53
3733, 0.43
3734, 0.47
3735, 0.45
3736, 0.63
3737, 0.54
3738, 0.64
3739, 0.48
3740, 0.47
3741, 0.51
3742, 0.45
3743, 0.36
3744, 0.41
3745, 0.72
3746, 0.53
3747, 0.97
3748, 0.36
3749, 0.48
3750, 0.62
3751, 0.37
3752, 0.51
3753, 0.73
3754, 1.00
3755, 0.32
3756, 0.25
3757, 0.56
3758, 0.92
3759, 0.13
3760, 0.10
3761, 0.19
3762, 0.57
3763, 0.78
3764, 0.29
3765, 0.65
3766, 0.33
3767, 0.33
3768, 0.39
3769, 0.99
3770, 0.46
3771, 0.37
3772, 0.49
3773, 0.36
3774, 0.48
3775, 0.48
3776, 0.48
3777, 0.56
3778, 0.49
3779, 0.73
3780, 0.46
3781, 0.62
3782, 0.84
3783, 0.68
3784, 0.35
3785, 0.37
3786, 0.68
3787, 0.60
3788, 0.41
3789, 0.59
3790, 0.37
3791, 0.35
3792, 0.56
3793, 0.52
3794, 0.50
3795, 0.54
3796, 0.66
3797, 0.53
3798, 0.97
3799, 0.36
3800, 0.95
3801, 0.46
3802, 0.37
3803, 0.91
3804, 0.63
3805, 0.26
3806, 0.45
3807, 0.50
3808, 0.64
3809, 0.59
3810, 0.20
3811, 0.57
3812, 0.29
3813, 0.45
3814, 0.54
3815, 0.95
3816, 0.13
3817, 0.23
3818, 0.13
3819, 0.35
3820, 0.39
3821, 0.45
3822, 0.29
3823, 0.55
3824, 0.45
3825, 0.22
3826, 0.15
3827, 0.44
3828, 0.97
3829, 0.21
3830, 0.41
3831, 0.46
3832, 0.13
3833, 0.67
3834, 0.79
3835, 0.09
3836, 0.92
3837, 0.60
3838, 0.10
3839, 0.39
3840, 0.08
3841, 0.26
3842, 0.59
3843, 0.93
3844, 0.35
3845, 0.32
3846, 0.36
3847, 0.58
3848, 0.28
3849, 0.53
3850, 0.73
3851, 0.69
3852, 0.56
3853, 0.37
3854, 0.56
3855, 0.93
3856, 0.54
3857, 0.96
3858, 0.62
3859, 0.61
3860, 0.52
3861, 0.96
3862, 0.15
3863, 0.59
3864, 0.34
3865, 0.40
3866, 0.57
3867, 0.71
3868, 0.24
3869, 0.44
3870, 0.38
3871, 0.26
3872, 0.53
3873, 0.99
3874, 0.44
3875, 0.99
3876, 0.31
3877, 0.52
3878, 0.29
3879, 0.27
3880, 0.68
3881, 0.52
3882, 0.29
3883, 0.44
3884, 0.40
3885, 0.42
3886, 0.12
3887, 0.30
3888, 0.42
3889, 0.54
3890, 0.41
3891, 0.68
3892, 0.10
3893, 0.30
3894, 0.47
3895, 0.53
3896, 0.40
3897, 0.19
3898, 0.56
3899, 0.19
3900, 0.49
3901, 0.59
3902, 0.39
3903, 0.49
3904, 0.98
3905, 0.41
3906, 0.46
3907, 0.60
3908, 0.94
3909, 0.63
3910, 0.62
3911, 0.27
3912, 0.44
3913, 0.41
3914, 0.22
3915, 0.43
3916, 0.12
3917, 0.44
3918, 0.52
3919, 0.50
3920, 0.49
3921, 0.44
3922, 0.64
3923, 0.45
3924, 0.95
3925, 0.76
3926, 0.33
3927, 0.59
3928, 0.99
3929, 0.99
3930, 0.51
3931, 0.46
3932, 0.66
3933, 0.48
3934, 0.29
3935, 0.57
3936, 0.60
3937, 0.27
3938, 0.33
3939, 0.55
3940, 0.71
3941, 0.59
3942, 0.43
3943, 0.55
3944, 1.00
3945, 0.38
3946, 0.32
3947, 0.36
3948, 0.12
3949, 0.94
3950, 0.38
3951, 0.68
3952, 0.98
3953, 0.63
3954, 0.60
3955, 0.08
3956, 0.41
3957, 0.52
3958, 0.57
3959, 0.99
3960, 0.22
3961, 0.63
3962, 0.38
3963, 0.74
3964, 0.72
3965, 0.83
3966, 0.52
3967, 0.39
3968, 0.40
3969, 0.64
3970, 0.51
3971, 0.42
3972, 0.68
3973, 0.41
3974, 0.44
3975, 0.57
3976, 0.77
3977, 0.62
3978, 0.96
3979, 0.25
3980, 0.55
3981, 0.62
3982, 0.52
3983, 0.99
3984, 0.46
3985, 0.75
3986, 0.34
3987, 0.32
3988, 0.89
3989, 0.50
3990, 0.24
3991, 0.48
3992, 0.47
3993, 0.55
3994, 0.42
3995, 0.38
3996, 0.08
3997, 0.60
3998, 0.42
3999, 0.42
4000, 0.39
4001, 0.40
4002, 0.47
4003, 0.99
4004, 0.52
4005, 0.63
4006, 0.09
4007, 0.55
4008, 0.57
4009, 0.61
4010, 0.41
4011, 0.89
4012, 0.40
4013, 0.52
4014, 0.41
4015, 0.76
4016, 0.30
4017, 0.15
4018, 0.55
4019, 0.51
4020, 0.52
4021, 0.77
4022, 0.64
4023, 0.54
4024, 0.19
4025, 0.61
4026, 0.48
4027, 0.48
4028, 0.54
4029, 0.94
4030, 0.34
4031, 0.26
4032, 0.52
4033, 0.68
4034, 0.49
4035, 0.44
4036, 0.62
4037, 0.60
4038, 0.64
4039, 0.97
4040, 0.47
4041, 0.68
4042, 0.45
4043, 0.55
4044, 0.50
4045, 0.33
4046, 0.73
4047, 0.24
4048, 0.63
4049, 0.49
4050, 0.48
4051, 0.51
4052, 0.35
4053, 0.27
4054, 0.60
4055, 0.15
4056, 0.56
4057, 0.69
4058, 0.99
4059, 0.41
4060, 0.45
4061, 0.20
4062, 0.39
4063, 0.21
4064, 0.31
4065, 0.63
4066, 0.83
4067, 0.41
4068, 1.00
4069, 0.69
4070, 0.12
4071, 0.99
4072, 0.37
4073, 0.93
4074, 0.43
4075, 0.57
4076, 0.47
4077, 0.42
4078, 0.95
4079, 0.55
4080, 0.56
4081, 0.65
4082, 0.68
4083, 0.49
4084, 0.59
4085, 0.70
4086, 0.54
4087, 0.93
4088, 0.51
4089, 0.48
4090, 0.90
4091, 0.95
4092, 0.89
4093, 0.76
4094, 0.60
4095, 0.51
4096, 0.50
4097, 0.41
4098, 0.07
4099, 0.56
4100, 0.21
4101, 0.45
4102, 0.66
4103, 0.49
4104, 0.16
4105, 0.44
4106, 0.74
4107, 0.37
4108, 1.00
4109, 0.05
4110, 0.92
4111, 0.78
4112, 0.79
4113, 0.60
4114, 0.32
4115, 0.53
4116, 0.38
4117, 0.60
4118, 0.32
4119, 0.34
4120, 0.69
4121, 0.44
4122, 0.32
4123, 0.25
4124, 0.40
4125, 0.41
4126, 0.30
4127, 0.35
4128, 0.56
4129, 0.79
4130, 0.48
4131, 0.58
4132, 0.43
4133, 0.94
4134, 0.43
4135, 0.53
4136, 0.54
4137, 0.57
4138, 0.46
4139, 0.44
4140, 0.47
4141, 0.99
4142, 0.15
4143, 0.56
4144, 0.15
4145, 0.47
4146, 0.99
4147, 0.38
4148, 0.22
4149, 0.13
4150, 0.59
4151, 0.65
4152, 0.40
4153, 0.58
4154, 0.39
4155, 0.97
4156, 0.27
4157, 0.63
4158, 0.54
4159, 0.59
4160, 0.24
4161, 0.11
4162, 0.24
4163, 0.40
4164, 0.53
4165, 1.00
4166, 0.69
4167, 0.30
4168, 0.56
4169, 0.46
4170, 0.55
4171, 0.36
4172, 0.55
4173, 0.60
4174, 0.16
4175, 0.13
4176, 0.97
4177, 0.98
4178, 0.50
4179, 0.96
4180, 0.64
4181, 0.45
4182, 0.58
4183, 0.40
4184, 0.53
4185, 0.46
4186, 0.65
4187, 0.39
4188, 0.78
4189, 0.39
4190, 0.22
4191, 0.48
4192, 0.50
4193, 0.92
4194, 0.53
4195, 0.37
4196, 0.56
4197, 0.40
4198, 0.62
4199, 0.56
4200, 0.66
4201, 0.27
4202, 0.36
4203, 0.48
4204, 0.52
4205, 0.14
4206, 0.55
4207, 0.21
4208, 0.56
4209, 0.26
4210, 0.46
4211, 0.42
4212, 0.35
4213, 0.99
4214, 0.24
4215, 0.50
4216, 0.94
4217, 0.11
4218, 0.78
4219, 0.94
4220, 0.35
4221, 0.50
4222, 0.44
4223, 0.16
4224, 0.35
4225, 0.36
4226, 0.08
4227, 0.35
4228, 0.52
4229, 0.59
4230, 0.36
4231, 0.56
4232, 0.88
4233, 0.43
4234, 0.53
4235, 0.57
4236, 0.53
4237, 0.53
4238, 0.33
4239, 0.97
4240, 0.54
4241, 0.36
4242, 0.99
4243, 0.50
4244, 0.51
4245, 0.45
4246, 0.24
4247, 0.97
4248, 0.49
4249, 0.51
4250, 0.23
4251, 0.62
4252, 0.87
4253, 0.26
4254, 0.57
4255, 0.40
4256, 0.45
4257, 0.16
4258, 0.39
4259, 0.40
4260, 0.98
4261, 0.97
4262, 0.44
4263, 0.28
4264, 0.47
4265, 0.49
4266, 0.97
4267, 0.43
4268, 0.94
4269, 0.33
4270, 0.54
4271, 0.11
4272, 0.18
4273, 0.24
4274, 0.32
4275, 0.52
4276, 0.76
4277, 0.12
4278, 0.37
4279, 0.49
4280, 0.53
4281, 0.33
4282, 0.85
4283, 0.45
4284, 0.58
4285, 0.97
4286, 0.40
4287, 0.40
4288, 0.64
4289, 0.67
4290, 0.28
4291, 0.26
4292, 0.38
4293, 0.50
4294, 0.78
4295, 0.57
4296, 0.57
4297, 0.46
4298, 0.14
4299, 0.48
4300, 0.34
4301, 0.60
4302, 0.45
4303, 0.60
4304, 0.45
4305, 0.95
4306, 0.63
4307, 0.46
4308, 0.23
4309, 0.47
4310, 0.52
4311, 0.33
4312, 0.30
4313, 0.49
4314, 0.36
4315, 0.37
4316, 0.28
4317, 0.01
4318, 0.57
4319, 0.10
4320, 0.44
4321, 0.95
4322, 0.31
4323, 0.96
4324, 0.55
4325, 0.39
4326, 0.28
4327, 0.48
4328, 0.47
4329, 0.46
4330, 0.26
4331, 0.25
4332, 0.91
4333, 0.97
4334, 0.47
4335, 0.64
4336, 0.50
4337, 0.13
4338, 0.75
4339, 0.95
4340, 0.90
4341, 0.42
4342, 0.62
4343, 0.26
4344, 0.47
4345, 0.71
4346, 0.52
4347, 0.26
4348, 0.30
4349, 0.44
4350, 0.38
4351, 0.57
4352, 0.10
4353, 0.94
4354, 0.42
4355, 0.52
4356, 0.21
4357, 0.57
4358, 0.69
4359, 0.46
4360, 0.65
4361, 0.36
4362, 0.50
4363, 0.97
4364, 0.38
4365, 0.87
4366, 0.36
4367, 0.93
4368, 0.97
4369, 0.64
4370, 0.34
4371, 0.25
4372, 0.49
4373, 0.27
4374, 0.51
4375, 0.37
4376, 0.44
4377, 0.25
4378, 0.33
4379, 0.30
4380, 0.59
4381, 0.44
4382, 0.34
4383, 0.56
4384, 0.47
4385, 0.42
4386, 0.64
4387, 0.57
4388, 0.97
4389, 0.64
4390, 0.07
4391, 0.17
4392, 0.51
4393, 0.03
4394, 0.38
4395, 0.53
4396, 0.50
4397, 0.67
4398, 0.30
4399, 0.48
4400, 0.99
4401, 0.35
4402, 0.58
4403, 0.40
4404, 0.33
4405, 0.34
4406, 0.30
4407, 0.22
4408, 0.97
4409, 0.02
4410, 0.65
4411, 0.43
4412, 0.58
4413, 0.62
4414, 0.35
4415, 0.13
4416, 0.51
4417, 0.57
4418, 0.10
4419, 0.61
4420, 0.56
4421, 0.05
4422, 0.41
4423, 0.40
4424, 0.96
4425, 0.62
4426, 0.25
4427, 0.51
4428, 0.17
4429, 0.70
4430, 0.33
4431, 0.35
4432, 0.65
4433, 0.39
4434, 0.47
4435, 0.37
4436, 0.53
4437, 0.52
4438, 0.47
4439, 0.96
4440, 0.97
4441, 0.44
4442, 0.53
4443, 0.37
4444, 0.05
4445, 0.26
4446, 0.47
4447, 0.78
4448, 0.49
4449, 0.65
4450, 0.53
4451, 0.50
4452, 0.39
4453, 0.52
4454, 0.45
4455, 0.54
4456, 0.39
4457, 0.65
4458, 1.00
4459, 0.49
4460, 0.41
4461, 0.52
4462, 0.25
4463, 0.22
4464, 0.10
4465, 0.51
4466, 0.33
4467, 0.16
4468, 0.42
4469, 0.85
4470, 0.60
4471, 0.05
4472, 0.35
4473, 0.41
4474, 0.23
4475, 0.58
4476, 0.93
4477, 0.50
4478, 0.91
4479, 0.48
4480, 0.66
4481, 0.50
4482, 0.43
4483, 0.58
4484, 0.43
4485, 0.15
4486, 0.26
4487, 0.56
4488, 0.54
4489, 0.50
4490, 0.30
4491, 0.56
4492, 0.38
4493, 0.47
4494, 0.31
4495, 0.97
4496, 0.52
4497, 0.24
4498, 0.98
4499, 0.28
4500, 0.04
4501, 0.64
4502, 0.96
4503, 0.48
4504, 0.55
4505, 0.72
4506, 0.35
4507, 0.28
4508, 0.50
4509, 0.59
4510, 0.40
4511, 0.34
4512, 0.50
4513, 0.28
4514, 0.77
4515, 0.38
4516, 0.48
4517, 0.71
4518, 0.47
4519, 0.55
4520, 0.37
4521, 0.11
4522, 0.38
4523, 0.93
4524, 0.31
4525, 0.19
4526, 0.16
4527, 1.00
4528, 0.49
4529, 0.52
4530, 0.35
4531, 0.51
4532, 0.53
4533, 0.45
4534, 0.95
4535, 0.62
4536, 0.39
4537, 1.00
4538, 0.55
4539, 0.13
4540, 0.46
4541, 0.43
4542, 0.20
4543, 0.39
4544, 0.46
4545, 0.97
4546, 0.60
4547, 0.30
4548, 0.52
4549, 0.39
4550, 0.56
4551, 0.31
4552, 0.33
4553, 0.91
4554, 0.49
4555, 0.47
4556, 0.66
4557, 0.34
4558, 0.50
4559, 0.43
4560, 0.61
4561, 0.47
4562, 0.60
4563, 0.99
4564, 0.91
4565, 0.49
4566, 0.48
4567, 0.56
4568, 0.60
4569, 0.72
4570, 0.18
4571, 0.45
4572, 0.45
4573, 0.42
4574, 0.30
4575, 0.89
4576, 0.88
4577, 0.36
4578, 0.20
4579, 0.35
4580, 0.26
4581, 0.78
4582, 0.79
4583, 0.61
4584, 0.36
4585, 0.99
4586, 0.33
4587, 0.99
4588, 0.68
4589, 0.35
4590, 0.16
4591, 0.27
4592, 0.50
4593, 0.31
4594, 0.49
4595, 0.85
4596, 0.50
4597, 0.43
4598, 0.51
4599, 0.44
4600, 0.41
4601, 0.09
4602, 0.53
4603, 0.41
4604, 0.45
4605, 0.46
4606, 0.37
4607, 0.26
4608, 0.42
4609, 0.39
4610, 0.17
4611, 0.55
4612, 0.66
4613, 0.13
4614, 0.60
4615, 0.12
4616, 0.65
4617, 0.93
4618, 0.96
4619, 0.18
4620, 0.52
4621, 0.42
4622, 0.87
4623, 0.87
4624, 0.57
4625, 0.54
4626, 0.89
4627, 0.16
4628, 0.25
4629, 0.82
4630, 0.70
4631, 0.21
4632, 0.50
4633, 0.53
4634, 0.45
4635, 0.31
4636, 0.97
4637, 0.52
4638, 0.47
4639, 1.00
4640, 0.99
4641, 0.43
4642, 0.23
4643, 0.84
4644, 0.47
4645, 0.22
4646, 0.48
4647, 0.44
4648, 0.59
4649, 0.65
4650, 0.16
4651, 0.64
4652, 0.61
4653, 0.53
4654, 0.28
4655, 0.54
4656, 0.98
4657, 0.52
4658, 0.59
4659, 0.08
4660, 0.33
4661, 0.46
4662, 0.78
4663, 0.22
4664, 0.86
4665, 0.50
4666, 0.50
4667, 0.97
4668, 0.33
4669, 0.46
4670, 0.39
4671, 0.52
4672, 0.82
4673, 0.23
4674, 0.94
4675, 0.30
4676, 0.14
4677, 0.61
4678, 0.19
4679, 0.07
4680, 0.31
4681, 0.76
4682, 0.86
4683, 0.92
4684, 0.93
4685, 0.61
4686, 0.13
4687, 0.28
4688, 0.23
4689, 0.79
4690, 0.92
4691, 0.34
4692, 0.74
4693, 0.79
4694, 0.55
4695, 0.53
4696, 0.17
4697, 0.39
4698, 0.31
4699, 0.56
4700, 0.69
4701, 0.86
4702, 0.44
4703, 0.68
4704, 0.21
4705, 0.59
4706, 0.48
4707, 0.61
4708, 0.89
4709, 0.72
4710, 0.42
4711, 0.48
4712, 0.24
4713, 0.62
4714, 0.41
4715, 0.35
4716, 0.55
4717, 0.32
4718, 0.98
4719, 0.60
4720, 0.54
4721, 0.72
4722, 0.60
4723, 0.65
4724, 0.46
4725, 0.22
4726, 0.43
4727, 0.43
4728, 0.61
4729, 0.48
4730, 0.49
4731, 0.47
4732, 0.37
4733, 0.42
4734, 0.59
4735, 0.45
4736, 0.43
4737, 0.40
4738, 0.68
4739, 0.58
4740, 0.35
4741, 0.53
4742, 0.48
4743, 0.68
4744, 0.71
4745, 0.37
4746, 0.47
4747, 0.68
4748, 0.39
4749, 1.00
4750, 0.47
4751, 0.30
4752, 0.27
4753, 0.40
4754, 0.71
4755, 0.85
4756, 0.48
4757, 0.69
4758, 0.81
4759, 0.47
4760, 0.66
4761, 0.52
4762, 1.00
4763, 0.16
4764, 0.11
4765, 0.61
4766, 0.24
4767, 0.53
4768, 0.58
4769, 0.48
4770, 0.62
4771, 0.96
4772, 0.37
4773, 0.52
4774, 0.58
4775, 0.54
4776, 0.58
4777, 0.27
4778, 0.59
4779, 0.40
4780, 0.57
4781, 1.00
4782, 0.43
4783, 0.98
4784, 0.67
4785, 0.98
4786, 0.59
4787, 0.94
4788, 0.45
4789, 0.51
4790, 0.42
4791, 0.50
4792, 0.60
4793, 0.43
4794, 0.13
4795, 0.98
4796, 0.96
4797, 0.59
4798, 0.39
4799, 0.49
4800, 0.29
4801, 0.39
4802, 0.08
4803, 0.41
4804, 0.27
4805, 0.41
4806, 0.39
4807, 0.50
4808, 0.66
4809, 0.40
4810, 0.65
4811, 0.58
4812, 0.42
4813, 0.33
4814, 0.12
4815, 0.36
4816, 0.43
4817, 0.51
4818, 0.29
4819, 0.47
4820, 0.98
4821, 0.54
4822, 0.06
4823, 0.38
4824, 0.49
4825, 0.19
4826, 0.26
4827, 0.52
4828, 0.49
4829, 0.88
4830, 0.57
4831, 0.64
4832, 0.25
4833, 0.94
4834, 0.41
4835, 0.47
4836, 0.99
4837, 0.08
4838, 0.37
4839, 0.08
4840, 0.58
4841, 0.56
4842, 0.22
4843, 0.41
4844, 0.53
4845, 0.63
4846, 0.86
4847, 0.36
4848, 0.94
4849, 0.43
4850, 0.74
4851, 0.04
4852, 0.54
4853, 0.40
4854, 0.29
4855, 0.26
4856, 0.23
4857, 0.44
4858, 0.53
4859, 0.18
4860, 0.74
4861, 0.18
4862, 0.69
4863, 0.42
4864, 0.94
4865, 0.15
4866, 0.84
4867, 0.41
4868, 0.16
4869, 0.57
4870, 0.50
4871, 0.96
4872, 0.68
4873, 0.66
4874, 0.42
4875, 0.61
4876, 0.46
4877, 0.99
4878, 0.50
4879, 0.26
4880, 0.62
4881, 0.48
4882, 0.94
4883, 0.98
4884, 0.32
4885, 0.38
4886, 0.58
4887, 0.59
4888, 0.54
4889, 0.61
4890, 0.46
4891, 0.61
4892, 0.21
4893, 0.18
4894, 0.09
4895, 0.62
4896, 0.56
4897, 0.50
4898, 0.42
4899, 0.44
4900, 0.42
4901, 0.39
4902, 0.32
4903, 0.57
4904, 0.45
4905, 0.38
4906, 0.92
4907, 0.67
4908, 0.16
4909, 0.48
4910, 0.54
4911, 0.64
4912, 0.98
4913, 0.34
4914, 0.38
4915, 0.99
4916, 0.90
4917, 0.52
4918, 0.58
4919, 0.11
4920, 0.26
4921, 0.43
4922, 0.23
4923, 1.00
4924, 0.49
4925, 0.58
4926, 0.30
4927, 0.48
4928, 0.47
4929, 0.97
4930, 0.88
4931, 0.53
4932, 0.38
4933, 0.33
4934, 0.31
4935, 0.31
4936, 0.55
4937, 0.71
4938, 0.39
4939, 0.60
4940, 0.63
4941, 0.59
4942, 0.53
4943, 0.48
4944, 0.99
4945, 0.34
4946, 0.39
4947, 0.29
4948, 0.16
4949, 0.61
4950, 0.73
4951, 0.58
4952, 0.44
4953, 0.62
4954, 0.33
4955, 0.40
4956, 0.45
4957, 0.41
4958, 0.36
4959, 0.50
4960, 0.58
4961, 0.92
4962, 0.30
4963, 0.38
4964, 0.52
4965, 0.56
4966, 0.61
4967, 0.41
4968, 0.37
4969, 0.82
4970, 0.27
4971, 0.56
4972, 0.16
4973, 0.31
4974, 0.56
4975, 0.71
4976, 0.60
4977, 0.41
4978, 0.28
4979, 0.32
4980, 0.51
4981, 0.31
4982, 0.26
4983, 0.86
4984, 0.40
4985, 0.60
4986, 0.60
4987, 0.47
4988, 0.92
4989, 0.44
4990, 0.06
4991, 0.67
4992, 0.13
4993, 0.63
4994, 0.47
4995, 0.62
4996, 0.31
4997, 0.18
4998, 0.39
4999, 0.60
5000, 0.99
5001, 0.26
5002, 0.57
5003, 0.78
5004, 0.44
5005, 0.39
5006, 0.59
5007, 0.30
5008, 0.38
5009, 0.25
5010, 0.42
5011, 0.12
5012, 0.41
5013, 0.41
5014, 0.86
5015, 0.26
5016, 0.41
5017, 0.48
5018, 0.68
5019, 0.72
5020, 0.57
5021, 0.20
5022, 0.42
5023, 0.89
5024, 0.71
5025, 0.40
5026, 0.49
5027, 0.73
5028, 0.41
5029, 0.05
5030, 0.36
5031, 0.37
5032, 0.40
5033, 0.59
5034, 0.14
5035, 0.45
5036, 0.56
5037, 0.15
5038, 0.60
5039, 0.42
5040, 0.61
5041, 0.51
5042, 0.97
5043, 0.17
5044, 0.53
5045, 0.48
5046, 0.22
5047, 0.49
5048, 0.41
5049, 0.43
5050, 0.63
5051, 0.41
5052, 0.53
5053, 0.92
5054, 0.39
5055, 0.50
5056, 0.38
5057, 0.18
5058, 0.42
5059, 0.91
5060, 0.97
5061, 0.34
5062, 0.53
5063, 0.62
5064, 0.53
5065, 0.05
5066, 0.29
5067, 0.45
5068, 0.77
5069, 0.67
5070, 0.54
5071, 0.59
5072, 0.47
5073, 0.79
5074, 0.38
5075, 0.39
5076, 0.34
5077, 0.46
5078, 0.96
5079, 0.94
5080, 0.49
5081, 0.22
5082, 0.45
5083, 0.47
5084, 0.47
5085, 1.00
5086, 0.54
5087, 0.37
5088, 0.69
5089, 0.94
5090, 0.51
5091, 0.49
5092, 0.59
5093, 0.22
5094, 0.14
5095, 0.44
5096, 0.46
5097, 0.29
5098, 0.53
5099, 0.60
5100, 0.51
5101, 0.47
5102, 0.28
5103, 0.64
5104, 0.42
5105, 0.49
5106, 0.43
5107, 0.51
5108, 0.39
5109, 1.00
5110, 0.08
5111, 0.45
5112, 0.40
5113, 0.21
5114, 0.49
5115, 0.41
5116, 0.23
5117, 0.99
5118, 0.38
5119, 0.41
5120, 0.65
5121, 0.61
5122, 0.39
5123, 0.32
5124, 0.52
5125, 0.77
5126, 0.54
5127, 0.10
5128, 0.31
5129, 0.46
5130, 0.45
5131, 0.12
5132, 0.20
5133, 0.57
5134, 0.43
5135, 0.56
5136, 0.33
5137, 0.45
5138, 0.60
5139, 0.47
5140, 0.88
5141, 0.59
5142, 0.97
5143, 0.40
5144, 0.38
5145, 0.62
5146, 0.65
5147, 0.47
5148, 0.68
5149, 0.40
5150, 0.68
5151, 0.59
5152, 0.10
5153, 0.39
5154, 0.20
5155, 0.32
5156, 0.15
5157, 0.44
5158, 0.30
5159, 0.65
5160, 0.20
5161, 0.54
5162, 0.59
5163, 0.40
5164, 0.50
5165, 0.56
5166, 0.38
5167, 0.64
5168, 0.34
5169, 0.54
5170, 0.63
5171, 0.41
5172, 0.21
5173, 0.33
5174, 0.61
5175, 0.07
5176, 0.92
5177, 0.54
5178, 0.67
5179, 0.38
5180, 0.63
5181, 0.84
5182, 0.23
5183, 0.47
5184, 1.00
5185, 0.98
5186, 0.41
5187, 0.35
5188, 0.05
5189, 0.31
5190, 0.56
5191, 0.38
5192, 0.48
5193, 0.13
5194, 0.49
5195, 1.00
5196, 0.47
5197, 0.11
5198, 0.61
5199, 0.47
5200, 1.00
5201, 0.35
5202, 0.51
5203, 0.44
5204, 0.14
5205, 0.59
5206, 0.26
5207, 0.97
5208, 0.47
5209, 0.41
5210, 0.63
5211, 0.56
5212, 0.44
5213, 0.94
5214, 0.26
5215, 0.36
5216, 0.26
5217, 0.37
5218, 0.28
5219, 0.48
5220, 0.41
5221, 0.22
5222, 0.23
5223, 0.45
5224, 0.44
5225, 0.40
5226, 0.27
5227, 0.13
5228, 0.48
5229, 0.12
5230, 0.28
5231, 0.40
5232, 0.63
5233, 0.44
5234, 0.15
5235, 0.52
5236, 0.38
5237, 0.34
5238, 0.32
5239, 0.37
5240, 0.47
5241, 0.69
5242, 0.23
5243, 0.31
5244, 0.99
5245, 0.33
5246, 0.97
5247, 0.62
5248, 0.43
5249, 0.29
5250, 0.38
5251, 0.46
5252, 0.43
5253, 0.33
5254, 0.18
5255, 0.37
5256, 0.63
5257, 0.24
5258, 0.53
5259, 0.39
5260, 0.50
5261, 0.99
5262, 0.43
5263, 0.79
5264, 0.39
5265, 0.34
5266, 0.48
5267, 0.96
5268, 0.13
5269, 0.67
5270, 0.62
5271, 0.53
5272, 0.99
5273, 0.40
5274, 0.63
5275, 0.31
5276, 0.56
5277, 0.44
5278, 0.44
5279, 0.67
5280, 0.46
5281, 0.89
5282, 0.44
5283, 0.88
5284, 0.72
5285, 0.39
5286, 0.09
5287, 0.63
5288, 0.87
5289, 0.64
5290, 0.44
5291, 0.97
5292, 0.33
5293, 0.47
5294, 0.20
5295, 0.35
5296, 0.07
5297, 0.54
5298, 0.31
5299, 0.84
5300, 0.65
5301, 0.59
5302, 0.61
5303, 0.85
5304, 0.61
5305, 0.45
5306, 0.57
5307, 0.49
5308, 0.78
5309, 0.69
5310, 0.38
5311, 0.30
5312, 0.55
5313, 0.53
5314, 0.51
5315, 0.83
5316, 0.62
5317, 0.12
5318, 0.42
5319, 0.98
5320, 0.96
5321, 0.51
5322, 0.68
5323, 0.19
5324, 0.35
5325, 0.48
5326, 0.48
5327, 0.72
5328, 0.49
5329, 0.14
5330, 0.51
5331, 0.32
5332, 0.17
5333, 0.46
5334, 0.39
5335, 0.48
5336, 0.58
5337, 0.56
5338, 0.43
5339, 0.14
5340, 0.28
5341, 0.54
5342, 0.35
5343, 0.39
5344, 0.46
5345, 0.62
5346, 0.38
5347, 0.61
5348, 0.78
5349, 0.46
5350, 0.48
5351, 0.72
5352, 0.65
5353, 0.54
5354, 0.46
5355, 0.92
5356, 0.99
5357, 0.35
5358, 0.54
5359, 0.39
5360, 0.31
5361, 0.60
5362, 0.71
5363, 0.50
5364, 0.53
5365, 0.53
5366, 0.45
5367, 0.97
5368, 0.30
5369, 0.45
5370, 0.99
5371, 0.53
5372, 0.28
5373, 0.37
5374, 0.44
5375, 0.70
5376, 0.14
5377, 0.69
5378, 0.47
5379, 0.43
5380, 0.52
5381, 0.13
5382, 0.39
5383, 0.61
5384, 0.45
5385, 0.33
5386, 0.39
5387, 0.34
5388, 0.04
5389, 0.52
5390, 0.39
5391, 0.42
5392, 0.40
5393, 0.85
5394, 0.51
5395, 0.26
5396, 0.97
5397, 0.42
5398, 0.43
5399, 0.54
5400, 0.35
5401, 0.06
5402, 0.44
5403, 0.17
5404, 0.26
5405, 0.18
5406, 0.54
5407, 0.24
5408, 0.42
5409, 0.56
5410, 0.28
5411, 0.13
5412, 0.81
5413, 0.32
5414, 0.85
5415, 0.45
5416, 0.60
5417, 0.50
5418, 0.18
5419, 0.87
5420, 0.28
5421, 0.58
5422, 0.39
5423, 0.76
5424, 0.17
5425, 0.63
5426, 0.47
5427, 0.42
5428, 0.43
5429, 0.48
5430, 0.55
5431, 0.34
5432, 0.54
5433, 0.33
5434, 0.94
5435, 0.64
5436, 0.60
5437, 0.53
5438, 0.73
5439, 0.38
5440, 0.62
5441, 0.67
5442, 0.55
5443, 0.50
5444, 0.51
5445, 0.45
5446, 0.86
5447, 0.56
5448, 0.51
5449, 0.48
5450, 0.41
5451, 0.65
5452, 0.40
5453, 0.77
5454, 0.62
5455, 0.94
5456, 0.68
5457, 0.93
5458, 0.56
5459, 0.88
5460, 0.61
5461, 0.48
5462, 0.32
5463, 0.47
5464, 0.53
5465, 0.35
5466, 0.51
5467, 0.46
5468, 0.31
5469, 0.33
5470, 0.42
5471, 0.54
5472, 0.88
5473, 0.41
5474, 0.41
5475, 0.24
5476, 0.35
5477, 0.61
5478, 0.42
5479, 0.96
5480, 0.32
5481, 0.63
5482, 0.30
5483, 0.39
5484, 0.51
5485, 0.02
5486, 0.84
5487, 0.96
5488, 0.14
5489, 0.50
5490, 0.99
5491, 0.50
5492, 0.73
5493, 0.42
5494, 0.61
5495, 0.47
5496, 0.99
5497, 0.54
5498, 0.45
5499, 0.57
5500, 1.00
5501, 0.32
5502, 0.54
5503, 0.38
5504, 0.47
5505, 0.58
5506, 0.56
5507, 0.66
5508, 0.49
5509, 0.36
5510, 0.67
5511, 0.43
5512, 0.40
5513, 0.65
5514, 0.88
5515, 0.59
5516, 0.65
5517, 0.58
5518, 0.23
5519, 0.48
5520, 0.70
5521, 0.35
5522, 0.31
5523, 0.43
5524, 0.95
5525, 0.59
5526, 0.39
5527, 0.65
5528, 0.19
5529, 0.55
5530, 0.16
5531, 0.30
5532, 0.35
5533, 0.68
5534, 0.43
5535, 0.50
5536, 0.26
5537, 0.71
5538, 0.96
5539, 0.57
5540, 0.03
5541, 0.11
5542, 0.88
5543, 0.43
5544, 0.97
5545, 0.20
5546, 0.69
5547, 0.42
5548, 0.37
5549, 0.37
5550, 0.24
5551, 0.62
5552, 0.35
5553, 0.35
5554, 0.75
5555, 0.67
5556, 0.61
5557, 0.46
5558, 0.49
5559, 0.45
5560, 0.47
5561, 0.09
5562, 0.76
5563, 0.50
5564, 0.53
5565, 0.30
5566, 0.24
5567, 0.10
5568, 0.45
5569, 0.38
5570, 0.40
5571, 0.51
5572, 0.98
5573, 0.96
5574, 0.40
5575, 0.47
5576, 0.41
5577, 0.19
5578, 0.65
5579, 0.21
5580, 0.50
5581, 0.71
5582, 0.41
5583, 0.56
5584, 0.66
5585, 0.52
5586, 0.50
5587, 0.18
5588, 0.51
5589, 0.72
5590, 0.40
5591, 0.54
5592, 0.62
5593, 0.44
5594, 0.99
5595, 0.39
5596, 0.28
5597, 0.38
5598, 0.54
5599, 0.87
5600, 0.54
5601, 0.55
5602, 0.54
5603, 0.65
5604, 0.35
5605, 0.86
5606, 0.18
5607, 0.45
5608, 0.09
5609, 0.35
5610, 0.28
5611, 0.59
5612, 0.54
5613, 0.17
5614, 0.38
5615, 0.20
5616, 0.17
5617, 0.38
5618, 0.52
5619, 0.58
5620, 0.30
5621, 0.99
5622, 0.20
5623, 0.41
5624, 0.57
5625, 0.38
5626, 0.35
5627, 0.61
5628, 0.36
5629, 0.55
5630, 0.42
5631, 0.60
5632, 0.46
5633, 0.97
5634, 0.53
5635, 0.99
5636, 0.12
5637, 0.46
5638, 0.59
5639, 0.48
5640, 0.63
5641, 0.42
5642, 0.62
5643, 0.55
5644, 1.00
5645, 0.09
5646, 0.18
5647, 0.25
5648, 0.21
5649, 0.47
5650, 0.58
5651, 0.36
5652, 0.54
5653, 0.17
5654, 0.26
5655, 0.65
5656, 0.40
5657, 0.52
5658, 0.99
5659, 0.37
5660, 0.76
5661, 0.22
5662, 0.98
5663, 0.30
5664, 0.64
5665, 0.42
5666, 0.56
5667, 0.51
5668, 0.39
5669, 0.32
5670, 0.50
5671, 0.69
5672, 0.70
5673, 0.23
5674, 0.43
5675, 0.98
5676, 0.44
5677, 0.40
5678, 0.64
5679, 0.37
5680, 0.27
5681, 0.06
5682, 0.44
5683, 0.44
5684, 0.99
5685, 0.45
5686, 0.40
5687, 0.88
5688, 0.95
5689, 0.39
5690, 0.10
5691, 0.53
5692, 0.68
5693, 0.57
5694, 0.43
5695, 0.10
5696, 0.09
5697, 0.47
5698, 0.47
5699, 0.41
5700, 0.21
5701, 0.95
5702, 0.55
5703, 0.96
5704, 0.95
5705, 0.87
5706, 0.39
5707, 0.21
5708, 0.35
5709, 0.61
5710, 0.89
5711, 0.37
5712, 0.50
5713, 0.33
5714, 0.37
5715, 0.55
5716, 0.60
5717, 0.42
5718, 0.49
5719, 0.07
5720, 0.75
5721, 0.43
5722, 0.40
5723, 0.55
5724, 0.39
5725, 0.42
5726, 0.48
5727, 0.10
5728, 0.35
5729, 0.23
5730, 0.53
5731, 0.70
5732, 0.56
5733, 0.95
5734, 0.40
5735, 0.34
5736, 0.98
5737, 0.58
5738, 0.52
5739, 0.91
5740, 0.17
5741, 0.75
5742, 0.33
5743, 0.44
5744, 0.04
5745, 0.67
5746, 0.67
5747, 0.79
5748, 0.27
5749, 0.95
5750, 0.53
5751, 0.94
5752, 0.45
5753, 0.33
5754, 0.46
5755, 0.47
5756, 0.72
5757, 0.62
5758, 0.45
5759, 0.44
5760, 0.27
5761, 0.49
5762, 0.39
5763, 0.54
5764, 0.21
5765, 0.65
5766, 0.47
5767, 0.43
5768, 0.34
5769, 1.00
5770, 0.74
5771, 0.32
5772, 0.53
5773, 0.64
5774, 0.43
5775, 0.37
5776, 0.59
5777, 0.39
5778, 0.15
5779, 0.38
5780, 0.46
5781, 0.36
5782, 0.51
5783, 0.46
5784, 0.35
5785, 0.46
5786, 0.91
5787, 0.50
5788, 0.85
5789, 0.16
5790, 0.88
5791, 0.13
5792, 0.60
5793, 0.50
5794, 0.23
5795, 0.28
5796, 0.12
5797, 0.40
5798, 0.53
5799, 0.53
5800, 0.09
5801, 0.24
5802, 0.61
5803, 0.33
5804, 0.63
5805, 0.97
5806, 0.59
5807, 0.48
5808, 0.12
5809, 0.36
5810, 0.76
5811, 0.52
5812, 0.39
5813, 0.71
5814, 0.50
5815, 0.07
5816, 0.44
5817, 0.15
5818, 0.98
5819, 0.52
5820, 0.43
5821, 0.49
5822, 0.29
5823, 0.43
5824, 0.69
5825, 0.62
5826, 0.71
5827, 0.56
5828, 0.48
5829, 0.68
5830, 0.37
5831, 0.49
5832, 0.58
5833, 0.37
5834, 0.60
5835, 0.09
5836, 0.18
5837, 0.65
5838, 0.62
5839, 0.77
5840, 0.12
5841, 0.37
5842, 0.65
5843, 1.00
5844, 0.42
5845, 0.87
5846, 0.62
5847, 0.25
5848, 0.64
5849, 0.24
5850, 0.34
5851, 0.47
5852, 0.60
5853, 0.53
5854, 0.23
5855, 0.52
5856, 0.49
5857, 0.55
5858, 0.42
5859, 0.29
5860, 0.54
5861, 0.07
5862, 0.35
5863, 0.61
5864, 0.99
5865, 0.62
5866, 0.49
5867, 0.99
5868, 0.39
5869, 0.24
5870, 0.36
5871, 0.48
5872, 0.33
5873, 0.66
5874, 0.30
5875, 0.43
5876, 0.13
5877, 0.71
5878, 0.49
5879, 0.59
5880, 0.46
5881, 0.18
5882, 0.12
5883, 0.95
5884, 0.72
5885, 0.58
5886, 0.40
5887, 0.51
5888, 0.52
5889, 0.36
5890, 0.55
5891, 0.52
5892, 0.44
5893, 0.13
5894, 0.44
5895, 0.29
5896, 0.61
5897, 0.34
5898, 0.49
5899, 0.28
5900, 0.53
5901, 0.44
5902, 0.50
5903, 0.72
5904, 0.34
5905, 0.48
5906, 0.60
5907, 0.57
5908, 0.45
5909, 0.38
5910, 0.99
5911, 0.10
5912, 0.35
5913, 0.91
5914, 0.45
5915, 0.24
5916, 0.31
5917, 0.56
5918, 0.22
5919, 0.53
5920, 0.62
5921, 0.69
5922, 0.54
5923, 0.87
5924, 0.15
5925, 0.40
5926, 0.56
5927, 0.29
5928, 0.39
5929, 0.34
5930, 0.57
5931, 0.40
5932, 0.73
5933, 0.95
5934, 0.31
5935, 0.12
5936, 0.18
5937, 0.64
5938, 0.66
5939, 0.26
5940, 0.23
5941, 0.93
5942, 0.49
5943, 0.34
5944, 0.74
5945, 0.99
5946, 0.63
5947, 0.43
5948, 0.45
5949, 0.63
5950, 0.10
5951, 0.35
5952, 0.48
5953, 0.06
5954, 0.54
5955, 0.45
5956, 0.55
5957, 0.26
5958, 0.36
5959, 0.59
5960, 0.40
5961, 0.58
5962, 0.50
5963, 0.88
5964, 0.69
5965, 0.62
5966, 0.49
5967, 0.35
5968, 0.40
5969, 0.26
5970, 0.61
5971, 0.44
5972, 0.81
5973, 0.34
5974, 0.39
5975, 0.44
5976, 0.08
5977, 0.22
5978, 0.50
5979, 0.36
5980, 0.51
5981, 0.56
5982, 0.68
5983, 0.42
5984, 0.57
5985, 0.63
5986, 0.66
5987, 0.36
5988, 0.95
5989, 0.49
5990, 1.00
5991, 1.00
5992, 0.52
5993, 0.66
5994, 0.37
5995, 1.00
5996, 0.39
5997, 0.42
5998, 0.51
5999, 0.54
6000, 0.95
6001, 0.51
6002, 0.97
6003, 0.90
6004, 0.32
6005, 0.57
6006, 0.18
6007, 0.39
6008, 0.59
6009, 0.66
6010, 0.52
6011, 0.38
6012, 0.43
6013, 0.47
6014, 0.62
6015, 0.38
6016, 0.33
6017, 0.54
6018, 0.82
6019, 0.43
6020, 0.45
6021, 0.25
6022, 0.12
6023, 0.66
6024, 0.44
6025, 0.44
6026, 0.21
6027, 0.86
6028, 0.52
6029, 0.30
6030, 0.68
6031, 0.43
6032, 0.97
6033, 0.46
6034, 0.51
6035, 0.30
6036, 1.00
6037, 0.55
6038, 0.41
6039, 0.59
6040, 0.36
6041, 0.19
6042, 0.53
6043, 0.61
6044, 0.56
6045, 0.39
6046, 0.60
6047, 0.86
6048, 0.62
6049, 0.30
6050, 1.00
6051, 0.41
6052, 0.62
6053, 0.62
6054, 0.54
6055, 0.37
6056, 0.55
6057, 0.65
6058, 0.98
6059, 0.61
6060, 0.67
6061, 0.68
6062, 0.43
6063, 0.41
6064, 0.49
6065, 0.56
6066, 0.47
6067, 0.51
6068, 0.59
6069, 0.39
6070, 0.59
6071, 1.00
6072, 0.27
6073, 0.72
6074, 0.36
6075, 0.25
6076, 0.22
6077, 0.45
6078, 0.45
6079, 0.06
6080, 0.38
6081, 0.61
6082, 0.30
6083, 0.38
6084, 0.50
6085, 0.50
6086, 0.40
6087, 0.53
6088, 0.53
6089, 0.45
6090, 0.37
6091, 0.52
6092, 0.20
6093, 0.58
6094, 0.47
6095, 0.34
6096, 0.62
6097, 0.47
6098, 0.25
6099, 0.43
6100, 0.70
6101, 0.44
6102, 0.23
6103, 1.00
6104, 0.34
6105, 0.32
6106, 0.62
6107, 0.41
6108, 0.26
6109, 0.40
6110, 0.48
6111, 0.38
6112, 0.19
6113, 0.63
6114, 0.40
6115, 0.68
6116, 0.46
6117, 0.70
6118, 0.55
6119, 0.28
6120, 0.11
6121, 0.93
6122, 0.08
6123, 0.12
6124, 0.38
6125, 0.53
6126, 0.68
6127, 0.45
6128, 0.75
6129, 0.36
6130, 0.43
6131, 0.99
6132, 0.25
6133, 0.79
6134, 0.34
6135, 0.64
6136, 0.43
6137, 0.60
6138, 0.62
6139, 0.93
6140, 0.73
6141, 0.84
6142, 1.00
6143, 0.26
6144, 0.47
6145, 0.54
6146, 0.72
6147, 0.37
6148, 0.47
6149, 0.58
6150, 0.55
6151, 0.46
6152, 0.53
6153, 0.74
6154, 0.95
6155, 0.12
6156, 0.15
6157, 0.36
6158, 0.44
6159, 0.16
6160, 0.39
6161, 0.05
6162, 0.56
6163, 0.48
6164, 0.43
6165, 0.55
6166, 0.40
6167, 0.43
6168, 0.57
6169, 0.34
6170, 0.48
6171, 0.96
6172, 0.60
6173, 0.66
6174, 0.37
6175, 0.72
6176, 0.42
6177, 0.65
6178, 0.19
6179, 0.32
6180, 0.56
6181, 0.06
6182, 0.94
6183, 0.61
6184, 0.53
6185, 0.54
6186, 0.59
6187, 0.59
6188, 0.45
6189, 0.95
6190, 0.67
6191, 0.49
6192, 0.61
6193, 0.88
6194, 0.23
6195, 0.60
6196, 0.71
6197, 0.98
6198, 0.54
6199, 0.69
6200, 0.40
6201, 0.75
6202, 0.34
6203, 0.05
6204, 0.89
6205, 0.57
6206, 0.86
6207, 0.22
6208, 0.29
6209, 0.31
6210, 0.47
6211, 0.46
6212, 0.42
6213, 0.22
6214, 0.61
6215, 0.30
6216, 0.47
6217, 0.34
6218, 0.14
6219, 1.00
6220, 0.42
6221, 0.27
6222, 0.43
6223, 0.99
6224, 0.38
6225, 0.44
6226, 0.78
6227, 0.53
6228, 0.47
6229, 0.99
6230, 0.97
6231, 0.54
6232, 0.10
6233, 0.60
6234, 0.92
6235, 0.51
6236, 0.56
6237, 0.42
6238, 0.47
6239, 0.39
6240, 0.32
6241, 0.52
6242, 0.56
6243, 0.40
6244, 0.46
6245, 0.44
6246, 0.62
6247, 0.43
6248, 0.61
6249, 0.43
6250, 0.99
6251, 0.63
6252, 0.33
6253, 0.45
6254, 0.30
6255, 0.38
6256, 0.32
6257, 0.63
6258, 0.54
6259, 0.50
6260, 0.58
6261, 0.54
6262, 0.56
6263, 0.64
6264, 0.11
6265, 0.15
6266, 0.99
6267, 0.58
6268, 0.78
6269, 0.39
6270, 0.33
6271, 0.49
6272, 0.32
6273, 0.39
6274, 0.16
6275, 0.42
6276, 0.46
6277, 0.76
6278, 0.39
6279, 0.44
6280, 1.00
6281, 0.34
6282, 0.48
6283, 0.18
6284, 0.66
6285, 0.42
6286, 0.66
6287, 0.52
6288, 0.64
6289, 0.11
6290, 0.99
6291, 0.43
6292, 0.42
6293, 0.50
6294, 0.43
6295, 0.68
6296, 0.96
6297, 0.39
6298, 0.31
6299, 0.84
6300, 0.33
6301, 0.31
6302, 0.26
6303, 0.38
6304, 0.99
6305, 0.39
6306, 0.51
6307, 0.52
6308, 0.24
6309, 0.35
6310, 0.50
6311, 0.36
6312, 0.11
6313, 0.45
6314, 0.47
6315, 0.38
6316, 0.93
6317, 0.49
6318, 0.41
6319, 0.37
6320, 0.69
6321, 0.46
6322, 0.72
6323, 0.51
6324, 0.97
6325, 0.45
6326, 0.18
6327, 0.44
6328, 0.12
6329, 0.41
6330, 0.60
6331, 0.36
6332, 0.61
6333, 0.46
6334, 0.63
6335, 0.74
6336, 0.59
6337, 0.42
6338, 0.40
6339, 0.46
6340, 0.03
6341, 0.57
6342, 0.34
6343, 0.53
6344, 0.97
6345, 0.40
6346, 0.99
6347, 0.65
6348, 0.99
6349, 0.63
6350, 0.37
6351, 0.58
6352, 0.96
6353, 0.45
6354, 0.45
6355, 0.67
6356, 0.28
6357, 0.94
6358, 0.33
6359, 0.64
6360, 0.90
6361, 0.06
6362, 0.58
6363, 0.99
6364, 0.50
6365, 0.38
6366, 0.02
6367, 0.48
6368, 0.13
6369, 1.00
6370, 0.57
6371, 0.32
6372, 0.22
6373, 0.76
6374, 0.40
6375, 0.08
6376, 0.91
6377, 0.54
6378, 0.86
6379, 0.56
6380, 0.33
6381, 0.47
6382, 0.42
6383, 0.47
6384, 0.45
6385, 0.62
6386, 0.48
6387, 0.37
6388, 0.41
6389, 0.57
6390, 0.57
6391, 0.53
6392, 0.37
6393, 0.63
6394, 0.33
6395, 0.30
6396, 0.92
6397, 0.10
6398, 0.61
6399, 0.60
6400, 0.43
6401, 0.56
6402, 0.12
6403, 0.42
6404, 0.89
6405, 0.47
6406, 0.53
6407, 0.69
6408, 0.45
6409, 0.66
6410, 0.42
6411, 0.52
6412, 0.53
6413, 0.17
6414, 0.31
6415, 0.45
6416, 0.46
6417, 0.13
6418, 0.10
6419, 0.47
6420, 0.55
6421, 0.56
6422, 0.16
6423, 0.21
6424, 0.32
6425, 0.73
6426, 0.91
6427, 0.55
6428, 0.60
6429, 0.45
6430, 0.98
6431, 0.26
6432, 0.51
6433, 0.36
6434, 0.38
6435, 0.38
6436, 0.09
6437, 0.34
6438, 0.45
6439, 0.38
6440, 0.49
6441, 0.53
6442, 0.41
6443, 0.32
6444, 0.36
6445, 0.33
6446, 0.42
6447, 0.50
6448, 0.91
6449, 0.45
6450, 0.12
6451, 0.49
6452, 0.46
6453, 0.59
6454, 0.42
6455, 0.50
6456, 0.96
6457, 0.22
6458, 0.43
6459, 0.59
6460, 0.45
6461, 0.48
6462, 0.28
6463, 0.20
6464, 0.45
6465, 0.30
6466, 0.28
6467, 0.56
6468, 0.87
6469, 0.48
6470, 0.42
6471, 0.78
6472, 0.50
6473, 0.26
6474, 0.59
6475, 0.59
6476, 0.97
6477, 0.69
6478, 0.05
6479, 0.50
6480, 0.51
6481, 0.39
6482, 0.28
6483, 0.25
6484, 0.54
6485, 0.43
6486, 0.10
6487, 0.53
6488, 0.89
6489, 0.22
6490, 0.43
6491, 0.47
6492, 0.24
6493, 0.76
6494, 0.52
6495, 0.36
6496, 0.57
6497, 0.47
6498, 0.26
6499, 0.40
6500, 0.37
6501, 0.49
6502, 0.49
6503, 0.52
6504, 0.30
6505, 0.55
6506, 0.52
6507, 0.33
6508, 0.65
6509, 0.63
6510, 0.41
6511, 0.70
6512, 0.95
6513, 0.45
6514, 0.64
6515, 0.59
6516, 0.73
6517, 0.52
6518, 0.36
6519, 0.42
6520, 0.16
6521, 0.61
6522, 0.65
6523, 0.58
6524, 0.46
6525, 0.42
6526, 0.54
6527, 0.67
6528, 0.91
6529, 0.49
6530, 0.98
6531, 0.57
6532, 0.09
6533, 0.40
6534, 0.59
6535, 0.08
6536, 0.99
6537, 0.62
6538, 0.47
6539, 0.71
6540, 0.57
6541, 0.39
6542, 0.53
6543, 0.92
6544, 0.39
6545, 0.53
6546, 0.39
6547, 0.42
6548, 0.43
6549, 0.82
6550, 0.46
6551, 0.67
6552, 0.07
6553, 0.55
6554, 0.44
6555, 0.55
6556, 0.48
6557, 0.64
6558, 0.65
6559, 0.46
6560, 0.22
6561, 0.57
6562, 0.41
6563, 0.59
6564, 0.26
6565, 0.54
6566, 0.40
6567, 0.86
6568, 0.37
6569, 0.10
6570, 0.45
6571, 0.72
6572, 0.45
6573, 0.60
6574, 1.00
6575, 0.31
6576, 0.20
6577, 0.56
6578, 0.47
6579, 0.21
6580, 0.62
6581, 0.56
6582, 0.39
6583, 0.68
6584, 0.45
6585, 0.46
6586, 0.57
6587, 0.10
6588, 0.45
6589, 0.23
6590, 0.42
6591, 0.28
6592, 0.95
6593, 0.24
6594, 0.55
6595, 0.67
6596, 0.41
6597, 0.62
6598, 0.56
6599, 0.33
6600, 0.68
6601, 0.45
6602, 0.75
6603, 0.44
6604, 0.42
6605, 0.15
6606, 0.60
6607, 0.53
6608, 0.47
6609, 0.52
6610, 0.33
6611, 0.28
6612, 0.14
6613, 0.41
6614, 0.47
6615, 0.62
6616, 0.12
6617, 0.89
6618, 0.30
6619, 0.57
6620, 0.53
6621, 0.25
6622, 0.47
6623, 0.40
6624, 0.57
6625, 0.56
6626, 0.68
6627, 0.41
6628, 0.52
6629, 0.71
6630, 0.99
6631, 0.49
6632, 0.68
6633, 0.73
6634, 0.41
6635, 0.92
6636, 0.19
6637, 0.88
6638, 0.34
6639, 1.00
6640, 0.54
6641, 0.91
6642, 0.34
6643, 0.14
6644, 0.40
6645, 0.58
6646, 0.18
6647, 0.36
6648, 0.22
6649, 0.13
6650, 0.38
6651, 0.75
6652, 0.50
6653, 0.53
6654, 0.48
6655, 0.41
6656, 0.45
6657, 0.59
6658, 0.48
6659, 0.28
6660, 0.98
6661, 0.56
6662, 0.44
6663, 0.37
6664, 0.41
6665, 0.66
6666, 0.47
6667, 0.59
6668, 0.70
6669, 0.46
6670, 0.77
6671, 1.00
6672, 0.34
6673, 0.26
6674, 0.54
6675, 0.14
6676, 0.78
6677, 0.37
6678, 0.63
6679, 0.49
6680, 0.24
6681, 0.62
6682, 0.43
6683, 0.33
6684, 0.64
6685, 0.46
6686, 0.25
6687, 0.72
6688, 0.60
6689, 0.99
6690, 0.43
6691, 0.45
6692, 0.84
6693, 0.43
6694, 0.35
6695, 0.10
6696, 0.96
6697, 0.24
6698, 0.30
6699, 0.40
6700, 0.56
6701, 0.47
6702, 0.15
6703, 0.21
6704, 0.61
6705, 0.34
6706, 0.61
6707, 0.34
6708, 0.55
6709, 0.36
6710, 0.22
6711, 0.60
6712, 0.48
6713, 0.34
6714, 0.08
6715, 0.32
6716, 0.51
6717, 0.31
6718, 0.45
6719, 0.37
6720, 0.32
6721, 0.60
6722, 0.47
6723, 0.90
6724, 0.67
6725, 0.38
6726, 0.44
6727, 0.56
6728, 0.15
6729, 0.90
6730, 0.32
6731, 0.44
6732, 0.98
6733, 0.29
6734, 0.55
6735, 0.46
6736, 0.37
6737, 0.38
6738, 0.55
6739, 0.40
6740, 0.62
6741, 0.37
6742, 0.20
6743, 0.15
6744, 0.96
6745, 0.79
6746, 0.51
6747, 0.38
6748, 0.40
6749, 0.94
6750, 0.30
6751, 0.08
6752, 0.45
6753, 0.52
6754, 0.38
6755, 0.26
6756, 0.50
6757, 0.73
6758, 0.39
6759, 0.48
6760, 0.51
6761, 0.14
6762, 0.20
6763, 0.62
6764, 0.51
6765, 0.06
6766, 0.59
6767, 0.65
6768, 0.43
6769, 0.42
6770, 0.97
6771, 0.59
6772, 0.77
6773, 0.22
6774, 0.57
6775, 0.71
6776, 0.49
6777, 0.59
6778, 0.33
6779, 0.30
6780, 0.59
6781, 1.00
6782, 0.56
6783, 0.50
6784, 0.80
6785, 0.39
6786, 0.32
6787, 0.50
6788, 0.51
6789, 0.95
6790, 0.17
6791, 0.57
6792, 0.99
6793, 0.20
6794, 0.36
6795, 0.68
6796, 0.94
6797, 0.47
6798, 0.96
6799, 0.13
6800, 0.93
6801, 0.91
6802, 0.43
6803, 0.62
6804, 0.20
6805, 0.94
6806, 0.61
6807, 0.56
6808, 0.07
6809, 0.22
6810, 0.11
6811, 0.57
6812, 0.49
6813, 0.43
6814, 0.20
6815, 0.29
6816, 0.56
6817, 0.34
6818, 0.61
6819, 0.72
6820, 0.41
6821, 0.75
6822, 0.33
6823, 0.60
6824, 0.33
6825, 0.77
6826, 0.80
6827, 0.22
6828, 0.33
6829, 0.44
6830, 0.29
6831, 0.99
6832, 0.38
6833, 0.97
6834, 0.39
6835, 0.33
6836, 0.28
6837, 0.11
6838, 0.47
6839, 0.19
6840, 0.30
6841, 0.42
6842, 0.54
6843, 0.60
6844, 0.19
6845, 0.37
6846, 0.38
6847, 1.00
6848, 0.27
6849, 0.64
6850, 0.48
6851, 0.22
6852, 0.44
6853, 0.49
6854, 0.67
6855, 0.58
6856, 0.39
6857, 0.43
6858, 0.57
6859, 0.41
6860, 0.51
6861, 0.96
6862, 0.99
6863, 0.47
6864, 0.35
6865, 0.09
6866, 0.62
6867, 0.70
6868, 0.60
6869, 0.55
6870, 0.56
6871, 0.51
6872, 0.45
6873, 0.80
6874, 0.42
6875, 0.51
6876, 0.39
6877, 0.29
6878, 0.09
6879, 0.36
6880, 0.55
6881, 0.42
6882, 0.53
6883, 0.68
6884, 0.72
6885, 0.48
6886, 0.36
6887, 0.52
6888, 0.51
6889, 0.13
6890, 0.89
6891, 0.61
6892, 0.99
6893, 0.61
6894, 0.96
6895, 0.98
6896, 0.41
6897, 0.93
6898, 0.53
6899, 0.45
6900, 0.99
6901, 0.46
6902, 0.50
6903, 0.16
6904, 0.43
6905, 0.58
6906, 0.14
6907, 0.32
6908, 0.54
6909, 0.21
6910, 0.52
6911, 0.83
6912, 0.43
6913, 0.39
6914, 0.45
6915, 0.33
6916, 0.46
6917, 0.40
6918, 0.45
6919, 0.63
6920, 0.46
6921, 0.56
6922, 0.64
6923, 0.09
6924, 0.56
6925, 0.43
6926, 0.70
6927, 0.36
6928, 0.71
6929, 0.39
6930, 0.35
6931, 0.76
6932, 0.99
6933, 0.56
6934, 0.54
6935, 0.53
6936, 0.98
6937, 0.54
6938, 0.38
6939, 0.10
6940, 0.99
6941, 0.46
6942, 0.42
6943, 0.47
6944, 0.52
6945, 0.47
6946, 0.45
6947, 0.63
6948, 0.31
6949, 1.00
6950, 0.55
6951, 0.41
6952, 0.73
6953, 0.27
6954, 0.34
6955, 0.53
6956, 0.11
6957, 0.28
6958, 0.04
6959, 0.28
6960, 0.19
6961, 0.92
6962, 0.20
6963, 0.50
6964, 0.74
6965, 0.99
6966, 0.33
6967, 0.36
6968, 0.56
6969, 0.28
6970, 0.18
6971, 0.26
6972, 0.48
6973, 0.48
6974, 0.90
6975, 0.45
6976, 0.39
6977, 0.20
6978, 0.26
6979, 0.41
6980, 0.69
6981, 0.03
6982, 0.38
6983, 0.51
6984, 0.54
6985, 0.13
6986, 0.42
6987, 0.52
6988, 0.49
6989, 0.79
6990, 0.43
6991, 0.34
6992, 0.22
6993, 0.76
6994, 0.74
6995, 0.92
6996, 0.58
6997, 0.97
6998, 0.38
6999, 0.46
7000, 0.60
7001, 0.69
7002, 0.61
7003, 0.67
7004, 0.99
7005, 0.79
7006, 0.48
7007, 0.74
7008, 0.51
7009, 0.49
7010, 0.44
7011, 0.41
7012, 0.19
7013, 0.75
7014, 0.59
7015, 0.56
7016, 0.60
7017, 0.43
7018, 0.09
7019, 0.43
7020, 0.52
7021, 0.46
7022, 0.15
7023, 0.71
7024, 0.51
7025, 0.65
7026, 0.66
7027, 0.19
7028, 0.39
7029, 0.36
7030, 0.40
7031, 0.52
7032, 0.51
7033, 0.18
7034, 0.94
7035, 0.94
7036, 0.66
7037, 0.20
7038, 0.52
7039, 0.56
7040, 0.44
7041, 0.60
7042, 0.58
7043, 0.28
7044, 0.48
7045, 0.52
7046, 0.47
7047, 0.36
7048, 0.71
7049, 0.76
7050, 0.47
7051, 0.40
7052, 0.46
7053, 0.37
7054, 0.53
7055, 0.50
7056, 0.59
7057, 0.54
7058, 0.38
7059, 0.20
7060, 0.40
7061, 0.19
7062, 0.44
7063, 0.44
7064, 0.30
7065, 0.94
7066, 0.46
7067, 0.35
7068, 0.31
7069, 0.43
7070, 0.46
7071, 0.57
7072, 0.88
7073, 0.21
7074, 0.37
7075, 0.11
7076, 0.47
7077, 0.24
7078, 0.29
7079, 0.92
7080, 0.98
7081, 0.62
7082, 0.02
7083, 0.28
7084, 0.54
7085, 0.42
7086, 0.36
7087, 0.99
7088, 0.39
7089, 0.41
7090, 0.34
7091, 0.56
7092, 0.53
7093, 0.37
7094, 0.20
7095, 0.59
7096, 0.60
7097, 0.25
7098, 0.51
7099, 0.45
7100, 0.40
7101, 0.17
7102, 0.78
7103, 0.37
7104, 0.46
7105, 0.50
7106, 0.94
7107, 0.31
7108, 0.46
7109, 0.60
7110, 0.15
7111, 0.49
7112, 0.27
7113, 0.44
7114, 0.53
7115, 0.32
7116, 0.52
7117, 0.08
7118, 0.52
7119, 0.88
7120, 0.67
7121, 0.35
7122, 0.37
7123, 0.96
7124, 0.28
7125, 0.48
7126, 0.31
7127, 0.61
7128, 0.57
7129, 0.65
7130, 0.86
7131, 0.70
7132, 0.46
7133, 0.16
7134, 0.17
7135, 0.51
7136, 0.44
7137, 0.21
7138, 0.48
7139, 0.58
7140, 0.09
7141, 0.39
7142, 0.15
7143, 0.25
7144, 0.28
7145, 0.82
7146, 0.34
7147, 0.48
7148, 0.46
7149, 0.96
7150, 0.57
7151, 0.44
7152, 0.31
7153, 0.34
7154, 0.49
7155, 0.92
7156, 0.39
7157, 0.83
7158, 0.40
7159, 0.53
7160, 0.40
7161, 0.13
7162, 0.20
7163, 0.45
7164, 0.74
7165, 0.57
7166, 0.92
7167, 0.35
7168, 0.40
7169, 0.40
7170, 0.57
7171, 0.27
7172, 0.52
7173, 0.29
7174, 0.39
7175, 0.45
7176, 0.65
7177, 0.55
7178, 0.38
7179, 1.00
7180, 0.84
7181, 0.93
7182, 0.21
7183, 0.96
7184, 0.76
7185, 0.55
7186, 0.12
7187, 0.47
7188, 0.39
7189, 0.27
7190, 0.52
7191, 0.47
7192, 0.93
7193, 0.38
7194, 0.48
7195, 0.48
7196, 0.60
7197, 0.17
7198, 0.60
7199, 0.16
7200, 0.99
7201, 0.38
7202, 0.55
7203, 0.41
7204, 0.18
7205, 0.55
7206, 0.21
7207, 0.47
7208, 0.53
7209, 0.37
7210, 0.29
7211, 0.38
7212, 0.12
7213, 0.58
7214, 0.36
7215, 0.23
7216, 0.87
7217, 0.98
7218, 0.59
7219, 0.37
7220, 0.61
7221, 0.62
7222, 0.89
7223, 0.30
7224, 0.40
7225, 0.93
7226, 0.34
7227, 0.40
7228, 0.26
7229, 0.30
7230, 0.63
7231, 0.45
7232, 0.51
7233, 0.45
7234, 0.51
7235, 0.15
7236, 0.49
7237, 0.64
7238, 0.44
7239, 0.33
7240, 0.30
7241, 0.58
7242, 0.47
7243, 0.60
7244, 0.59
7245, 0.26
7246, 0.17
7247, 0.31
7248, 0.35
7249, 0.40
7250, 0.34
7251, 0.58
7252, 0.83
7253, 0.47
7254, 0.37
7255, 1.00
7256, 0.36
7257, 0.28
7258, 0.95
7259, 0.48
7260, 0.22
7261, 0.30
7262, 0.58
7263, 0.58
7264, 0.49
7265, 0.38
7266, 0.39
7267, 0.99
7268, 0.59
7269, 0.82
7270, 0.31
7271, 0.35
7272, 0.55
7273, 0.51
7274, 0.98
7275, 0.99
7276, 0.38
7277, 0.54
7278, 0.63
7279, 0.54
7280, 0.45
7281, 0.70
7282, 0.27
7283, 0.43
7284, 0.43
7285, 0.74
7286, 0.49
7287, 0.59
7288, 0.58
7289, 0.53
7290, 0.47
7291, 0.65
7292, 0.27
7293, 0.52
7294, 0.45
7295, 0.08
7296, 0.95
7297, 0.52
7298, 0.96
7299, 0.46
7300, 0.33
7301, 0.53
7302, 0.37
7303, 0.45
7304, 0.18
7305, 0.50
7306, 0.48
7307, 0.44
7308, 0.30
7309, 0.39
7310, 0.71
7311, 0.37
7312, 0.58
7313, 0.35
7314, 0.48
7315, 0.50
7316, 0.44
7317, 0.39
7318, 0.26
7319, 0.54
7320, 0.40
7321, 0.52
7322, 0.93
7323, 0.42
7324, 0.94
7325, 0.41
7326, 0.48
7327, 0.47
7328, 0.38
7329, 0.45
7330, 0.56
7331, 0.55
7332, 0.29
7333, 0.74
7334, 0.73
7335, 0.51
7336, 0.68
7337, 0.39
7338, 0.45
7339, 0.47
7340, 0.34
7341, 0.30
7342, 0.77
7343, 0.52
7344, 0.17
7345, 0.27
7346, 0.46
7347, 0.92
7348, 0.35
7349, 0.97
7350, 0.31
7351, 0.76
7352, 0.42
7353, 0.37
7354, 0.91
7355, 0.96
7356, 0.46
7357, 0.54
7358, 0.23
7359, 0.54
7360, 0.48
7361, 0.63
7362, 0.99
7363, 0.45
7364, 0.43
7365, 0.47
7366, 0.68
7367, 0.98
7368, 0.57
7369, 0.21
7370, 0.46
7371, 0.43
7372, 0.29
7373, 1.00
7374, 0.49
7375, 0.57
7376, 1.00
7377, 0.30
7378, 0.61
7379, 0.56
7380, 0.63
7381, 0.39
7382, 0.48
7383, 0.68
7384, 0.56
7385, 0.26
7386, 0.41
7387, 0.46
7388, 0.68
7389, 0.90
7390, 0.60
7391, 0.39
7392, 0.39
7393, 0.50
7394, 0.92
7395, 0.63
7396, 0.52
7397, 0.55
7398, 0.21
7399, 0.33
7400, 0.64
7401, 0.99
7402, 0.55
7403, 0.42
7404, 0.45
7405, 0.63
7406, 0.09
7407, 0.64
7408, 0.41
7409, 0.08
7410, 0.41
7411, 0.11
7412, 0.36
7413, 0.07
7414, 0.84
7415, 0.60
7416, 0.14
7417, 0.95
7418, 0.23
7419, 0.35
7420, 0.97
7421, 0.68
