# Id,Predicted
0, 0.42
1, 0.28
2, 0.44
3, 0.25
4, 0.92
5, 0.43
6, 0.78
7, 0.26
8, 0.47
9, 0.55
10, 0.54
11, 0.60
12, 0.64
13, 0.49
14, 0.82
15, 0.97
16, 0.96
17, 0.58
18, 0.71
19, 0.25
20, 0.44
21, 0.83
22, 0.55
23, 0.41
24, 0.48
25, 0.31
26, 0.68
27, 0.48
28, 0.61
29, 0.58
30, 0.53
31, 0.40
32, 0.62
33, 0.31
34, 0.59
35, 0.27
36, 0.36
37, 0.46
38, 0.43
39, 0.76
40, 0.54
41, 0.31
42, 0.87
43, 0.26
44, 0.92
45, 0.31
46, 0.42
47, 0.16
48, 0.47
49, 0.46
50, 0.33
51, 0.49
52, 0.04
53, 0.22
54, 0.37
55, 0.52
56, 0.50
57, 0.28
58, 0.12
59, 0.57
60, 0.64
61, 0.48
62, 0.37
63, 0.92
64, 0.97
65, 0.47
66, 0.64
67, 0.25
68, 0.20
69, 0.60
70, 0.67
71, 0.97
72, 0.90
73, 0.43
74, 0.14
75, 0.70
76, 0.44
77, 0.27
78, 0.52
79, 0.25
80, 0.54
81, 0.34
82, 0.46
83, 0.95
84, 0.41
85, 0.70
86, 0.56
87, 0.55
88, 0.59
89, 0.98
90, 0.61
91, 0.98
92, 0.71
93, 0.38
94, 0.87
95, 0.50
96, 0.23
97, 0.34
98, 0.98
99, 0.43
100, 0.48
101, 0.51
102, 0.09
103, 0.69
104, 0.42
105, 0.49
106, 0.36
107, 0.48
108, 0.65
109, 0.61
110, 0.30
111, 0.54
112, 0.33
113, 0.57
114, 0.47
115, 0.34
116, 0.62
117, 0.59
118, 0.10
119, 0.25
120, 0.19
121, 0.88
122, 0.21
123, 0.43
124, 0.41
125, 0.09
126, 0.59
127, 0.72
128, 0.52
129, 0.18
130, 0.30
131, 0.87
132, 0.40
133, 0.30
134, 0.44
135, 0.64
136, 0.41
137, 0.31
138, 0.56
139, 0.73
140, 0.45
141, 0.49
142, 0.56
143, 0.83
144, 0.98
145, 0.68
146, 0.43
147, 0.36
148, 0.53
149, 0.28
150, 0.22
151, 0.96
152, 0.17
153, 0.35
154, 0.61
155, 0.56
156, 0.39
157, 0.46
158, 0.51
159, 0.32
160, 0.46
161, 0.64
162, 0.87
163, 0.40
164, 0.48
165, 0.57
166, 0.54
167, 0.29
168, 0.98
169, 0.49
170, 0.46
171, 0.55
172, 0.48
173, 0.40
174, 0.39
175, 0.67
176, 0.22
177, 0.27
178, 0.49
179, 0.54
180, 0.56
181, 0.46
182, 0.98
183, 0.55
184, 0.21
185, 0.60
186, 0.48
187, 0.57
188, 0.59
189, 0.59
190, 0.56
191, 0.47
192, 0.55
193, 0.52
194, 0.32
195, 0.08
196, 0.39
197, 0.56
198, 0.24
199, 0.12
200, 0.39
201, 0.33
202, 0.24
203, 0.31
204, 0.73
205, 0.39
206, 0.11
207, 0.61
208, 0.93
209, 0.45
210, 0.55
211, 0.55
212, 0.38
213, 0.58
214, 0.28
215, 0.58
216, 0.54
217, 0.53
218, 0.54
219, 0.41
220, 0.16
221, 0.58
222, 0.15
223, 0.18
224, 0.53
225, 0.42
226, 0.36
227, 0.88
228, 0.62
229, 0.37
230, 0.21
231, 0.12
232, 0.44
233, 0.22
234, 0.34
235, 0.24
236, 0.70
237, 0.37
238, 0.56
239, 0.35
240, 0.54
241, 0.39
242, 0.21
243, 0.09
244, 0.60
245, 0.39
246, 0.53
247, 0.64
248, 0.51
249, 0.30
250, 0.96
251, 0.48
252, 0.44
253, 0.32
254, 0.46
255, 0.53
256, 0.60
257, 0.42
258, 0.66
259, 0.27
260, 0.04
261, 0.34
262, 0.18
263, 0.90
264, 0.62
265, 0.52
266, 0.44
267, 0.65
268, 0.49
269, 0.64
270, 0.41
271, 0.85
272, 0.18
273, 0.48
274, 0.64
275, 0.36
276, 0.37
277, 0.38
278, 0.98
279, 0.31
280, 0.95
281, 0.62
282, 0.98
283, 0.50
284, 0.52
285, 0.65
286, 0.57
287, 0.42
288, 0.91
289, 0.56
290, 0.61
291, 0.34
292, 0.95
293, 0.37
294, 0.01
295, 0.36
296, 0.33
297, 0.34
298, 0.35
299, 0.43
300, 0.55
301, 0.55
302, 0.24
303, 0.32
304, 0.36
305, 0.48
306, 0.41
307, 0.42
308, 0.30
309, 0.51
310, 0.50
311, 0.05
312, 0.98
313, 0.43
314, 0.56
315, 0.36
316, 0.58
317, 0.65
318, 0.40
319, 0.38
320, 0.29
321, 0.92
322, 0.42
323, 0.25
324, 0.64
325, 0.88
326, 0.11
327, 0.41
328, 0.56
329, 0.58
330, 0.28
331, 0.58
332, 0.33
333, 0.27
334, 0.88
335, 0.42
336, 0.23
337, 0.53
338, 0.64
339, 0.63
340, 0.45
341, 0.30
342, 0.43
343, 0.32
344, 1.00
345, 0.63
346, 0.34
347, 0.48
348, 0.35
349, 0.50
350, 0.92
351, 0.76
352, 0.60
353, 0.58
354, 0.74
355, 0.72
356, 0.58
357, 0.15
358, 0.56
359, 0.57
360, 0.19
361, 0.67
362, 0.54
363, 0.50
364, 0.29
365, 0.62
366, 0.62
367, 0.89
368, 0.25
369, 0.17
370, 0.42
371, 0.71
372, 0.46
373, 0.46
374, 0.88
375, 0.42
376, 0.65
377, 0.37
378, 0.52
379, 0.55
380, 0.51
381, 0.44
382, 0.32
383, 0.59
384, 0.56
385, 0.46
386, 0.26
387, 0.37
388, 0.67
389, 0.26
390, 0.90
391, 0.49
392, 0.65
393, 0.32
394, 0.53
395, 0.62
396, 0.34
397, 0.16
398, 0.51
399, 0.95
400, 0.65
401, 0.45
402, 0.64
403, 0.60
404, 0.33
405, 0.53
406, 0.39
407, 0.35
408, 0.46
409, 0.39
410, 0.14
411, 0.19
412, 0.56
413, 0.51
414, 0.23
415, 0.27
416, 0.47
417, 0.84
418, 0.42
419, 0.38
420, 0.74
421, 0.47
422, 0.49
423, 0.81
424, 0.99
425, 0.81
426, 0.53
427, 0.76
428, 0.99
429, 0.12
430, 0.38
431, 0.71
432, 0.70
433, 0.47
434, 0.91
435, 0.40
436, 0.49
437, 0.52
438, 0.41
439, 0.29
440, 0.81
441, 0.67
442, 0.37
443, 0.36
444, 0.62
445, 0.43
446, 0.73
447, 0.07
448, 0.46
449, 0.90
450, 0.19
451, 0.22
452, 0.49
453, 0.51
454, 0.45
455, 0.36
456, 0.35
457, 0.52
458, 0.45
459, 0.25
460, 0.65
461, 0.34
462, 0.74
463, 0.90
464, 0.81
465, 0.41
466, 0.54
467, 0.35
468, 0.92
469, 0.63
470, 0.60
471, 0.35
472, 0.45
473, 0.60
474, 0.99
475, 0.83
476, 1.00
477, 0.73
478, 0.29
479, 0.38
480, 0.48
481, 0.94
482, 0.99
483, 0.61
484, 0.44
485, 0.53
486, 0.58
487, 0.71
488, 0.48
489, 0.28
490, 0.28
491, 0.09
492, 0.24
493, 0.59
494, 0.43
495, 0.25
496, 0.40
497, 0.61
498, 0.78
499, 0.70
500, 0.98
501, 0.32
502, 0.33
503, 0.50
504, 0.51
505, 0.98
506, 0.55
507, 1.00
508, 0.55
509, 0.47
510, 0.59
511, 0.32
512, 0.22
513, 0.41
514, 0.52
515, 0.38
516, 0.46
517, 0.71
518, 0.51
519, 0.28
520, 0.23
521, 0.58
522, 0.43
523, 0.28
524, 0.24
525, 0.67
526, 0.38
527, 0.49
528, 0.61
529, 0.30
530, 0.37
531, 0.65
532, 0.47
533, 0.55
534, 0.30
535, 0.31
536, 0.36
537, 0.59
538, 0.11
539, 0.42
540, 0.89
541, 0.61
542, 0.61
543, 0.99
544, 0.31
545, 0.55
546, 1.00
547, 0.61
548, 0.56
549, 0.58
550, 0.30
551, 0.36
552, 0.97
553, 0.40
554, 0.71
555, 0.31
556, 0.16
557, 1.00
558, 0.68
559, 0.50
560, 0.42
561, 0.27
562, 0.48
563, 0.96
564, 0.64
565, 0.98
566, 0.29
567, 0.88
568, 0.46
569, 1.00
570, 0.48
571, 0.40
572, 0.62
573, 0.13
574, 0.56
575, 0.68
576, 0.47
577, 0.60
578, 0.54
579, 0.35
580, 0.53
581, 0.63
582, 0.18
583, 0.41
584, 0.26
585, 0.28
586, 0.44
587, 0.30
588, 0.33
589, 0.33
590, 0.44
591, 0.55
592, 0.55
593, 0.99
594, 0.80
595, 0.96
596, 0.49
597, 0.39
598, 0.69
599, 0.70
600, 0.51
601, 1.00
602, 0.43
603, 0.44
604, 0.57
605, 0.33
606, 0.17
607, 0.16
608, 1.00
609, 0.36
610, 0.42
611, 0.78
612, 0.48
613, 0.21
614, 0.59
615, 0.19
616, 0.30
617, 0.80
618, 0.51
619, 0.25
620, 0.56
621, 0.55
622, 0.42
623, 0.52
624, 0.33
625, 0.67
626, 0.31
627, 0.98
628, 0.59
629, 0.74
630, 0.33
631, 0.29
632, 0.24
633, 0.41
634, 0.85
635, 0.53
636, 1.00
637, 0.49
638, 0.25
639, 0.38
640, 0.33
641, 0.57
642, 0.61
643, 0.47
644, 0.47
645, 0.55
646, 0.54
647, 0.24
648, 0.98
649, 0.62
650, 0.17
651, 0.63
652, 0.48
653, 0.65
654, 0.88
655, 0.42
656, 0.45
657, 0.43
658, 0.29
659, 0.43
660, 0.90
661, 0.46
662, 0.58
663, 0.58
664, 0.42
665, 0.23
666, 0.55
667, 0.98
668, 0.41
669, 0.87
670, 0.56
671, 0.56
672, 0.98
673, 0.51
674, 0.62
675, 0.98
676, 0.07
677, 0.22
678, 0.25
679, 0.42
680, 1.00
681, 0.99
682, 0.39
683, 0.68
684, 0.66
685, 0.42
686, 0.33
687, 0.32
688, 0.26
689, 0.41
690, 0.48
691, 0.55
692, 0.70
693, 0.42
694, 0.63
695, 0.37
696, 0.48
697, 0.33
698, 0.44
699, 0.36
700, 0.49
701, 0.24
702, 0.49
703, 0.54
704, 0.35
705, 0.58
706, 0.44
707, 0.19
708, 0.36
709, 0.27
710, 0.98
711, 0.41
712, 0.60
713, 0.63
714, 0.55
715, 0.43
716, 0.43
717, 0.21
718, 0.43
719, 0.44
720, 0.17
721, 0.66
722, 0.31
723, 0.34
724, 0.27
725, 0.46
726, 0.65
727, 0.64
728, 0.46
729, 0.25
730, 0.44
731, 0.27
732, 0.49
733, 0.90
734, 0.12
735, 0.36
736, 0.76
737, 0.10
738, 0.52
739, 0.29
740, 0.58
741, 0.37
742, 0.29
743, 0.40
744, 0.99
745, 0.43
746, 0.55
747, 0.29
748, 0.37
749, 0.61
750, 0.43
751, 0.50
752, 0.62
753, 0.88
754, 0.38
755, 0.24
756, 0.51
757, 0.67
758, 0.22
759, 0.42
760, 0.17
761, 0.47
762, 0.51
763, 0.46
764, 0.44
765, 0.32
766, 0.69
767, 0.54
768, 0.04
769, 0.51
770, 0.73
771, 0.53
772, 0.66
773, 0.60
774, 0.39
775, 0.37
776, 0.46
777, 0.45
778, 0.43
779, 0.61
780, 0.48
781, 0.27
782, 0.52
783, 0.72
784, 0.76
785, 0.36
786, 0.53
787, 0.37
788, 0.85
789, 0.24
790, 0.35
791, 0.61
792, 0.43
793, 0.40
794, 0.42
795, 0.44
796, 0.08
797, 0.70
798, 0.57
799, 0.89
800, 0.60
801, 0.56
802, 0.64
803, 0.97
804, 0.37
805, 0.23
806, 0.03
807, 0.70
808, 0.19
809, 0.23
810, 0.51
811, 0.37
812, 0.88
813, 0.14
814, 0.39
815, 0.37
816, 0.99
817, 0.18
818, 0.30
819, 0.57
820, 0.44
821, 0.29
822, 0.85
823, 0.55
824, 0.27
825, 0.32
826, 0.71
827, 0.48
828, 0.94
829, 0.52
830, 0.55
831, 0.68
832, 0.38
833, 0.52
834, 0.31
835, 0.44
836, 0.66
837, 0.42
838, 0.53
839, 0.56
840, 0.06
841, 0.55
842, 0.57
843, 0.74
844, 0.55
845, 0.47
846, 0.59
847, 0.31
848, 0.45
849, 0.51
850, 0.30
851, 0.52
852, 0.21
853, 0.42
854, 0.40
855, 0.99
856, 0.32
857, 0.48
858, 0.48
859, 0.43
860, 0.56
861, 0.05
862, 0.69
863, 0.63
864, 0.45
865, 0.49
866, 0.46
867, 0.29
868, 0.52
869, 0.52
870, 0.10
871, 0.42
872, 0.82
873, 0.96
874, 0.26
875, 0.25
876, 0.52
877, 0.46
878, 0.47
879, 0.55
880, 0.53
881, 0.44
882, 0.37
883, 0.44
884, 0.34
885, 0.37
886, 0.98
887, 0.38
888, 0.66
889, 0.36
890, 0.90
891, 0.50
892, 0.69
893, 0.57
894, 1.00
895, 0.62
896, 0.74
897, 0.42
898, 0.49
899, 0.10
900, 0.50
901, 0.61
902, 0.43
903, 0.47
904, 0.96
905, 0.99
906, 0.48
907, 0.52
908, 0.30
909, 0.37
910, 0.91
911, 0.67
912, 0.25
913, 0.37
914, 0.32
915, 0.52
916, 0.45
917, 0.98
918, 0.51
919, 0.76
920, 0.40
921, 0.73
922, 0.35
923, 0.69
924, 0.36
925, 0.40
926, 0.51
927, 0.98
928, 0.24
929, 0.95
930, 0.52
931, 0.36
932, 0.33
933, 0.37
934, 0.52
935, 0.32
936, 0.62
937, 0.28
938, 0.43
939, 0.61
940, 0.55
941, 0.09
942, 0.44
943, 0.52
944, 0.67
945, 0.52
946, 0.47
947, 1.00
948, 0.10
949, 0.21
950, 0.55
951, 0.78
952, 0.34
953, 0.64
954, 0.46
955, 0.56
956, 0.64
957, 0.60
958, 0.35
959, 0.30
960, 0.34
961, 0.75
962, 0.56
963, 0.91
964, 0.33
965, 0.33
966, 0.54
967, 0.84
968, 0.61
969, 0.37
970, 0.36
971, 0.25
972, 0.55
973, 0.28
974, 0.53
975, 0.79
976, 0.56
977, 0.53
978, 0.23
979, 0.36
980, 0.48
981, 0.60
982, 0.35
983, 0.51
984, 0.58
985, 0.55
986, 0.33
987, 0.46
988, 0.52
989, 0.40
990, 0.27
991, 0.34
992, 0.41
993, 0.67
994, 0.29
995, 0.55
996, 0.45
997, 0.50
998, 0.33
999, 0.66
1000, 0.29
1001, 0.40
1002, 0.60
1003, 0.49
1004, 0.96
1005, 0.26
1006, 0.47
1007, 0.98
1008, 0.23
1009, 0.22
1010, 0.52
1011, 0.38
1012, 0.52
1013, 0.42
1014, 0.09
1015, 0.56
1016, 0.64
1017, 0.55
1018, 0.49
1019, 0.78
1020, 0.16
1021, 0.45
1022, 0.36
1023, 0.44
1024, 0.47
1025, 0.30
1026, 0.98
1027, 0.54
1028, 0.94
1029, 0.69
1030, 0.30
1031, 0.94
1032, 0.42
1033, 0.62
1034, 0.59
1035, 0.94
1036, 0.31
1037, 0.35
1038, 0.52
1039, 0.57
1040, 0.50
1041, 0.64
1042, 0.97
1043, 0.57
1044, 0.44
1045, 0.67
1046, 0.42
1047, 0.51
1048, 0.58
1049, 0.18
1050, 0.40
1051, 0.85
1052, 0.64
1053, 0.29
1054, 0.22
1055, 0.98
1056, 0.09
1057, 0.37
1058, 0.53
1059, 0.56
1060, 0.33
1061, 0.47
1062, 0.61
1063, 0.41
1064, 1.00
1065, 0.44
1066, 0.99
1067, 0.37
1068, 0.29
1069, 0.55
1070, 0.80
1071, 0.46
1072, 0.74
1073, 0.72
1074, 0.09
1075, 0.25
1076, 0.41
1077, 0.62
1078, 0.47
1079, 0.40
1080, 0.15
1081, 0.25
1082, 0.59
1083, 0.99
1084, 0.64
1085, 0.60
1086, 0.42
1087, 0.55
1088, 0.66
1089, 0.59
1090, 0.54
1091, 0.47
1092, 0.33
1093, 0.58
1094, 0.54
1095, 0.32
1096, 0.33
1097, 0.72
1098, 0.75
1099, 0.47
1100, 0.65
1101, 0.45
1102, 0.50
1103, 0.50
1104, 0.61
1105, 0.56
1106, 0.52
1107, 0.62
1108, 0.34
1109, 0.07
1110, 0.47
1111, 0.38
1112, 0.30
1113, 0.44
1114, 0.92
1115, 0.61
1116, 0.64
1117, 0.39
1118, 0.99
1119, 0.70
1120, 0.95
1121, 0.33
1122, 0.50
1123, 0.51
1124, 0.98
1125, 0.43
1126, 0.42
1127, 0.30
1128, 0.68
1129, 0.08
1130, 0.40
1131, 0.48
1132, 0.46
1133, 0.39
1134, 0.51
1135, 0.15
1136, 0.51
1137, 0.40
1138, 0.47
1139, 0.43
1140, 0.88
1141, 0.21
1142, 0.30
1143, 0.69
1144, 0.61
1145, 0.32
1146, 0.55
1147, 0.20
1148, 1.00
1149, 0.96
1150, 0.32
1151, 0.29
1152, 0.97
1153, 0.21
1154, 0.15
1155, 0.09
1156, 0.24
1157, 0.27
1158, 0.44
1159, 0.65
1160, 0.72
1161, 0.29
1162, 0.46
1163, 0.66
1164, 0.43
1165, 0.99
1166, 0.50
1167, 0.62
1168, 0.73
1169, 0.66
1170, 0.54
1171, 0.50
1172, 0.92
1173, 0.40
1174, 0.98
1175, 0.42
1176, 0.52
1177, 0.31
1178, 0.46
1179, 0.47
1180, 0.53
1181, 0.22
1182, 0.41
1183, 0.65
1184, 0.33
1185, 0.63
1186, 0.95
1187, 0.65
1188, 0.38
1189, 0.51
1190, 0.44
1191, 0.94
1192, 0.42
1193, 0.63
1194, 0.38
1195, 0.58
1196, 0.32
1197, 0.40
1198, 0.41
1199, 0.96
1200, 0.51
1201, 0.55
1202, 0.35
1203, 0.95
1204, 0.52
1205, 0.69
1206, 0.20
1207, 0.52
1208, 0.33
1209, 0.28
1210, 0.54
1211, 0.70
1212, 0.51
1213, 0.72
1214, 0.44
1215, 0.67
1216, 0.40
1217, 0.20
1218, 0.33
1219, 0.58
1220, 0.26
1221, 0.85
1222, 0.55
1223, 0.57
1224, 0.64
1225, 0.37
1226, 0.44
1227, 0.31
1228, 0.56
1229, 0.49
1230, 0.55
1231, 0.40
1232, 0.42
1233, 0.21
1234, 0.40
1235, 0.39
1236, 0.53
1237, 0.45
1238, 0.50
1239, 0.08
1240, 0.50
1241, 0.14
1242, 0.57
1243, 0.57
1244, 0.31
1245, 0.66
1246, 0.49
1247, 0.13
1248, 0.59
1249, 0.32
1250, 0.58
1251, 0.63
1252, 0.47
1253, 0.50
1254, 0.45
1255, 0.51
1256, 0.96
1257, 0.93
1258, 0.60
1259, 0.45
1260, 0.34
1261, 0.41
1262, 0.18
1263, 0.76
1264, 0.53
1265, 0.62
1266, 0.48
1267, 0.61
1268, 0.65
1269, 0.36
1270, 0.42
1271, 0.50
1272, 0.69
1273, 0.96
1274, 0.45
1275, 0.39
1276, 0.44
1277, 0.36
1278, 0.53
1279, 0.97
1280, 0.30
1281, 0.43
1282, 0.63
1283, 0.63
1284, 0.76
1285, 0.96
1286, 0.88
1287, 0.64
1288, 0.58
1289, 0.55
1290, 0.51
1291, 0.98
1292, 0.34
1293, 1.00
1294, 0.38
1295, 0.58
1296, 0.43
1297, 0.60
1298, 0.27
1299, 0.59
1300, 0.42
1301, 0.55
1302, 0.32
1303, 0.63
1304, 0.24
1305, 0.44
1306, 0.94
1307, 0.53
1308, 0.40
1309, 0.27
1310, 0.38
1311, 0.34
1312, 0.20
1313, 0.47
1314, 0.21
1315, 1.00
1316, 0.39
1317, 0.19
1318, 0.55
1319, 0.38
1320, 0.32
1321, 0.71
1322, 0.34
1323, 0.59
1324, 0.48
1325, 0.80
1326, 0.55
1327, 0.27
1328, 0.65
1329, 0.50
1330, 0.47
1331, 0.42
1332, 0.96
1333, 0.46
1334, 0.61
1335, 0.74
1336, 0.23
1337, 0.46
1338, 0.58
1339, 0.98
1340, 0.54
1341, 0.32
1342, 0.47
1343, 0.45
1344, 0.47
1345, 0.93
1346, 0.12
1347, 0.44
1348, 0.39
1349, 0.48
1350, 0.39
1351, 0.39
1352, 0.30
1353, 0.48
1354, 0.57
1355, 0.37
1356, 0.22
1357, 0.48
1358, 0.63
1359, 0.34
1360, 0.33
1361, 0.24
1362, 1.00
1363, 0.54
1364, 0.46
1365, 0.52
1366, 0.51
1367, 1.00
1368, 0.82
1369, 0.45
1370, 0.70
1371, 0.45
1372, 0.36
1373, 0.29
1374, 0.33
1375, 0.94
1376, 0.71
1377, 0.06
1378, 0.49
1379, 0.50
1380, 0.49
1381, 0.39
1382, 0.36
1383, 0.40
1384, 0.77
1385, 0.51
1386, 0.61
1387, 0.49
1388, 0.32
1389, 0.42
1390, 0.76
1391, 0.56
1392, 0.29
1393, 0.63
1394, 0.89
1395, 0.37
1396, 0.41
1397, 0.20
1398, 0.66
1399, 0.73
1400, 0.57
1401, 0.38
1402, 0.34
1403, 0.41
1404, 0.62
1405, 0.28
1406, 0.46
1407, 0.38
1408, 0.42
1409, 0.65
1410, 1.00
1411, 0.51
1412, 0.93
1413, 0.55
1414, 0.54
1415, 0.37
1416, 0.42
1417, 0.64
1418, 0.32
1419, 0.48
1420, 0.57
1421, 0.38
1422, 0.59
1423, 0.48
1424, 0.48
1425, 0.75
1426, 0.65
1427, 0.73
1428, 0.32
1429, 0.23
1430, 0.65
1431, 0.65
1432, 0.54
1433, 0.64
1434, 0.75
1435, 0.24
1436, 0.53
1437, 0.30
1438, 0.16
1439, 0.52
1440, 0.44
1441, 0.45
1442, 0.44
1443, 0.44
1444, 0.47
1445, 0.34
1446, 0.18
1447, 0.29
1448, 0.05
1449, 0.43
1450, 0.59
1451, 0.57
1452, 0.94
1453, 0.90
1454, 0.32
1455, 0.60
1456, 0.38
1457, 0.43
1458, 0.05
1459, 0.60
1460, 0.49
1461, 0.22
1462, 0.45
1463, 0.12
1464, 0.54
1465, 0.51
1466, 0.49
1467, 0.26
1468, 0.54
1469, 0.54
1470, 0.35
1471, 0.65
1472, 0.18
1473, 0.21
1474, 0.29
1475, 0.95
1476, 0.34
1477, 0.43
1478, 0.24
1479, 0.35
1480, 0.73
1481, 0.59
1482, 0.36
1483, 0.59
1484, 0.57
1485, 0.41
1486, 0.45
1487, 0.96
1488, 0.13
1489, 0.63
1490, 0.04
1491, 0.50
1492, 0.39
1493, 0.41
1494, 0.88
1495, 0.98
1496, 0.40
1497, 0.47
1498, 0.40
1499, 0.19
1500, 0.42
1501, 0.54
1502, 0.45
1503, 0.65
1504, 0.26
1505, 0.97
1506, 0.35
1507, 0.35
1508, 0.45
1509, 0.40
1510, 0.58
1511, 0.28
1512, 0.33
1513, 0.36
1514, 0.16
1515, 0.39
1516, 0.31
1517, 0.39
1518, 0.53
1519, 0.37
1520, 0.16
1521, 0.22
1522, 0.33
1523, 0.26
1524, 0.42
1525, 0.40
1526, 0.28
1527, 0.29
1528, 0.81
1529, 0.44
1530, 0.67
1531, 0.91
1532, 0.30
1533, 0.77
1534, 0.66
1535, 0.52
1536, 0.55
1537, 0.60
1538, 1.00
1539, 0.81
1540, 0.59
1541, 0.99
1542, 0.37
1543, 0.34
1544, 0.56
1545, 0.62
1546, 0.61
1547, 0.45
1548, 0.50
1549, 0.72
1550, 0.38
1551, 0.48
1552, 0.42
1553, 0.49
1554, 0.31
1555, 0.16
1556, 0.52
1557, 0.99
1558, 0.56
1559, 0.40
1560, 0.97
1561, 0.67
1562, 0.21
1563, 0.19
1564, 0.86
1565, 0.96
1566, 0.42
1567, 0.44
1568, 0.48
1569, 0.92
1570, 0.54
1571, 0.93
1572, 0.97
1573, 0.08
1574, 0.42
1575, 0.13
1576, 0.88
1577, 0.96
1578, 0.96
1579, 0.41
1580, 0.51
1581, 0.39
1582, 0.20
1583, 0.47
1584, 0.15
1585, 0.65
1586, 0.34
1587, 0.69
1588, 0.72
1589, 0.85
1590, 0.40
1591, 0.95
1592, 0.59
1593, 0.50
1594, 0.30
1595, 0.14
1596, 0.70
1597, 0.61
1598, 0.62
1599, 0.46
1600, 0.17
1601, 0.54
1602, 0.51
1603, 0.64
1604, 0.50
1605, 0.25
1606, 0.30
1607, 0.46
1608, 0.58
1609, 0.39
1610, 0.43
1611, 0.11
1612, 0.46
1613, 0.10
1614, 0.93
1615, 0.98
1616, 0.40
1617, 0.40
1618, 0.62
1619, 0.34
1620, 0.97
1621, 0.57
1622, 0.94
1623, 0.43
1624, 0.66
1625, 0.69
1626, 0.64
1627, 0.77
1628, 0.64
1629, 0.26
1630, 0.45
1631, 0.53
1632, 0.48
1633, 0.34
1634, 0.66
1635, 0.55
1636, 0.87
1637, 0.72
1638, 0.28
1639, 0.19
1640, 0.05
1641, 0.22
1642, 0.98
1643, 0.95
1644, 0.48
1645, 0.44
1646, 0.15
1647, 0.96
1648, 0.43
1649, 0.18
1650, 0.45
1651, 0.50
1652, 0.13
1653, 0.99
1654, 0.09
1655, 0.63
1656, 0.40
1657, 0.40
1658, 0.58
1659, 0.64
1660, 0.48
1661, 0.07
1662, 0.50
1663, 0.47
1664, 0.43
1665, 0.96
1666, 0.45
1667, 0.45
1668, 0.04
1669, 0.71
1670, 0.57
1671, 0.89
1672, 0.48
1673, 0.64
1674, 0.16
1675, 0.15
1676, 0.24
1677, 0.58
1678, 0.23
1679, 0.97
1680, 0.72
1681, 0.80
1682, 0.95
1683, 0.64
1684, 0.46
1685, 0.63
1686, 0.57
1687, 0.72
1688, 0.16
1689, 0.53
1690, 0.23
1691, 0.42
1692, 0.36
1693, 0.13
1694, 0.59
1695, 0.41
1696, 0.44
1697, 0.92
1698, 0.42
1699, 0.58
1700, 0.42
1701, 0.67
1702, 0.64
1703, 0.88
1704, 0.43
1705, 0.48
1706, 0.98
1707, 0.55
1708, 0.57
1709, 0.59
1710, 0.14
1711, 0.37
1712, 0.55
1713, 0.43
1714, 0.53
1715, 0.91
1716, 0.82
1717, 0.51
1718, 0.26
1719, 0.33
1720, 0.35
1721, 0.43
1722, 0.28
1723, 0.32
1724, 0.53
1725, 0.62
1726, 0.89
1727, 0.48
1728, 0.36
1729, 0.95
1730, 0.54
1731, 0.66
1732, 0.41
1733, 0.63
1734, 0.53
1735, 0.45
1736, 0.67
1737, 0.14
1738, 0.97
1739, 0.58
1740, 0.88
1741, 0.46
1742, 0.49
1743, 0.25
1744, 0.25
1745, 0.68
1746, 0.44
1747, 0.27
1748, 0.60
1749, 0.50
1750, 0.70
1751, 0.41
1752, 0.51
1753, 0.49
1754, 0.89
1755, 0.55
1756, 0.49
1757, 0.95
1758, 0.60
1759, 0.76
1760, 0.55
1761, 0.56
1762, 0.61
1763, 0.49
1764, 0.72
1765, 0.46
1766, 0.51
1767, 0.94
1768, 0.31
1769, 0.41
1770, 0.34
1771, 0.28
1772, 0.44
1773, 0.51
1774, 0.53
1775, 0.53
1776, 0.65
1777, 0.56
1778, 0.79
1779, 0.27
1780, 0.96
1781, 0.61
1782, 0.53
1783, 0.39
1784, 0.33
1785, 0.61
1786, 0.38
1787, 0.96
1788, 0.63
1789, 0.53
1790, 0.67
1791, 0.42
1792, 0.69
1793, 0.56
1794, 0.45
1795, 0.07
1796, 0.45
1797, 0.48
1798, 0.18
1799, 0.44
1800, 0.93
1801, 0.56
1802, 0.53
1803, 0.37
1804, 0.44
1805, 0.36
1806, 1.00
1807, 0.61
1808, 0.55
1809, 0.42
1810, 0.52
1811, 0.42
1812, 0.38
1813, 0.71
1814, 0.61
1815, 0.66
1816, 0.12
1817, 0.49
1818, 0.66
1819, 0.50
1820, 0.54
1821, 0.43
1822, 0.50
1823, 0.21
1824, 0.47
1825, 0.40
1826, 0.49
1827, 0.20
1828, 0.18
1829, 0.52
1830, 0.40
1831, 0.55
1832, 0.21
1833, 0.98
1834, 0.39
1835, 0.48
1836, 0.62
1837, 0.49
1838, 0.42
1839, 0.20
1840, 0.36
1841, 0.43
1842, 0.36
1843, 0.39
1844, 0.38
1845, 0.45
1846, 0.85
1847, 0.63
1848, 0.41
1849, 0.29
1850, 0.53
1851, 0.49
1852, 0.29
1853, 0.58
1854, 0.56
1855, 0.39
1856, 0.56
1857, 0.22
1858, 0.39
1859, 0.55
1860, 0.16
1861, 0.47
1862, 0.90
1863, 0.29
1864, 0.40
1865, 0.56
1866, 0.54
1867, 0.66
1868, 0.30
1869, 0.40
1870, 0.35
1871, 0.35
1872, 0.41
1873, 0.40
1874, 0.49
1875, 0.66
1876, 0.98
1877, 0.35
1878, 0.51
1879, 0.54
1880, 0.87
1881, 0.95
1882, 0.51
1883, 0.20
1884, 0.59
1885, 0.18
1886, 0.30
1887, 0.13
1888, 0.56
1889, 0.62
1890, 0.25
1891, 0.70
1892, 0.97
1893, 0.54
1894, 0.08
1895, 0.48
1896, 0.32
1897, 0.34
1898, 0.33
1899, 0.92
1900, 0.41
1901, 0.32
1902, 0.91
1903, 0.73
1904, 0.51
1905, 0.76
1906, 0.36
1907, 0.99
1908, 0.63
1909, 0.56
1910, 0.34
1911, 0.50
1912, 0.82
1913, 0.59
1914, 0.53
1915, 0.35
1916, 0.53
1917, 0.57
1918, 0.28
1919, 0.99
1920, 0.45
1921, 0.96
1922, 0.51
1923, 0.19
1924, 1.00
1925, 0.27
1926, 0.49
1927, 0.49
1928, 0.40
1929, 0.44
1930, 0.08
1931, 0.51
1932, 0.60
1933, 0.69
1934, 0.66
1935, 0.63
1936, 0.27
1937, 0.28
1938, 0.73
1939, 0.40
1940, 0.50
1941, 0.36
1942, 0.61
1943, 0.55
1944, 0.80
1945, 0.48
1946, 0.69
1947, 0.44
1948, 0.30
1949, 0.83
1950, 0.32
1951, 0.69
1952, 0.62
1953, 0.94
1954, 0.26
1955, 0.52
1956, 0.66
1957, 0.53
1958, 0.44
1959, 0.40
1960, 0.34
1961, 0.93
1962, 0.57
1963, 0.47
1964, 0.63
1965, 0.53
1966, 0.37
1967, 0.50
1968, 0.39
1969, 0.23
1970, 0.96
1971, 0.68
1972, 0.99
1973, 0.42
1974, 0.46
1975, 0.63
1976, 0.65
1977, 0.61
1978, 0.48
1979, 0.67
1980, 0.37
1981, 0.58
1982, 0.52
1983, 0.33
1984, 0.53
1985, 0.53
1986, 0.99
1987, 0.52
1988, 0.58
1989, 0.62
1990, 0.59
1991, 0.65
1992, 0.53
1993, 0.57
1994, 0.73
1995, 0.45
1996, 0.61
1997, 0.59
1998, 0.70
1999, 0.58
2000, 0.63
2001, 0.04
2002, 0.41
2003, 0.45
2004, 0.97
2005, 0.99
2006, 0.63
2007, 0.83
2008, 0.44
2009, 0.66
2010, 0.99
2011, 0.45
2012, 0.51
2013, 0.43
2014, 0.47
2015, 0.62
2016, 0.40
2017, 0.27
2018, 0.32
2019, 0.38
2020, 0.40
2021, 0.62
2022, 0.27
2023, 0.14
2024, 0.31
2025, 0.41
2026, 0.61
2027, 0.99
2028, 0.47
2029, 0.81
2030, 0.04
2031, 0.62
2032, 0.45
2033, 0.39
2034, 0.53
2035, 0.44
2036, 0.50
2037, 0.21
2038, 0.56
2039, 0.68
2040, 0.10
2041, 0.35
2042, 0.56
2043, 0.39
2044, 0.20
2045, 0.32
2046, 0.75
2047, 0.32
2048, 0.53
2049, 0.58
2050, 0.32
2051, 0.45
2052, 0.53
2053, 0.53
2054, 0.33
2055, 0.38
2056, 0.45
2057, 0.40
2058, 0.30
2059, 0.45
2060, 0.52
2061, 0.42
2062, 0.34
2063, 0.52
2064, 0.52
2065, 0.93
2066, 0.31
2067, 0.35
2068, 0.27
2069, 0.30
2070, 0.36
2071, 0.42
2072, 0.10
2073, 0.38
2074, 0.19
2075, 0.53
2076, 0.33
2077, 0.43
2078, 0.59
2079, 0.29
2080, 0.45
2081, 0.97
2082, 0.62
2083, 0.60
2084, 0.67
2085, 0.60
2086, 0.56
2087, 1.00
2088, 0.64
2089, 0.50
2090, 0.55
2091, 0.47
2092, 0.58
2093, 0.43
2094, 0.28
2095, 0.44
2096, 0.36
2097, 0.37
2098, 0.33
2099, 0.66
2100, 0.41
2101, 0.45
2102, 0.52
2103, 0.60
2104, 0.21
2105, 0.97
2106, 0.91
2107, 0.96
2108, 0.22
2109, 0.33
2110, 0.47
2111, 0.67
2112, 0.23
2113, 0.22
2114, 0.02
2115, 0.99
2116, 0.16
2117, 0.60
2118, 0.21
2119, 0.33
2120, 0.79
2121, 0.21
2122, 0.52
2123, 0.46
2124, 0.94
2125, 0.48
2126, 0.59
2127, 0.60
2128, 0.45
2129, 0.61
2130, 0.67
2131, 0.20
2132, 0.46
2133, 0.90
2134, 1.00
2135, 0.59
2136, 0.20
2137, 0.97
2138, 0.61
2139, 0.29
2140, 0.14
2141, 0.98
2142, 0.26
2143, 0.94
2144, 0.52
2145, 0.54
2146, 0.76
2147, 0.42
2148, 0.42
2149, 0.41
2150, 0.31
2151, 0.62
2152, 0.45
2153, 0.41
2154, 0.66
2155, 0.59
2156, 0.60
2157, 0.55
2158, 0.53
2159, 0.43
2160, 0.45
2161, 0.54
2162, 0.48
2163, 0.12
2164, 0.35
2165, 0.40
2166, 0.86
2167, 0.61
2168, 0.98
2169, 0.61
2170, 0.39
2171, 0.51
2172, 0.30
2173, 0.57
2174, 0.32
2175, 0.50
2176, 0.42
2177, 0.57
2178, 0.47
2179, 0.58
2180, 0.50
2181, 0.54
2182, 0.90
2183, 0.69
2184, 0.11
2185, 0.56
2186, 0.45
2187, 0.31
2188, 0.51
2189, 0.41
2190, 0.34
2191, 0.14
2192, 0.34
2193, 0.94
2194, 0.46
2195, 0.71
2196, 0.90
2197, 0.17
2198, 0.59
2199, 0.39
2200, 0.54
2201, 0.58
2202, 0.95
2203, 0.88
2204, 0.68
2205, 0.46
2206, 0.31
2207, 0.46
2208, 0.32
2209, 0.41
2210, 0.98
2211, 0.21
2212, 0.69
2213, 0.64
2214, 0.31
2215, 0.70
2216, 0.24
2217, 1.00
2218, 0.62
2219, 0.39
2220, 0.60
2221, 0.45
2222, 0.58
2223, 0.49
2224, 0.55
2225, 0.72
2226, 0.35
2227, 0.56
2228, 0.36
2229, 0.56
2230, 0.51
2231, 0.57
2232, 0.98
2233, 0.65
2234, 0.62
2235, 0.50
2236, 0.36
2237, 0.45
2238, 0.33
2239, 0.26
2240, 0.48
2241, 0.48
2242, 0.49
2243, 0.98
2244, 0.06
2245, 0.72
2246, 0.62
2247, 0.21
2248, 0.41
2249, 0.36
2250, 0.78
2251, 0.55
2252, 0.38
2253, 0.38
2254, 0.09
2255, 0.94
2256, 0.12
2257, 0.28
2258, 0.27
2259, 0.45
2260, 0.96
2261, 0.96
2262, 0.62
2263, 0.31
2264, 0.22
2265, 0.24
2266, 0.57
2267, 0.33
2268, 0.98
2269, 0.50
2270, 0.25
2271, 0.34
2272, 0.40
2273, 0.38
2274, 0.30
2275, 0.92
2276, 0.23
2277, 0.51
2278, 0.42
2279, 0.17
2280, 0.63
2281, 0.60
2282, 0.28
2283, 0.46
2284, 0.55
2285, 0.59
2286, 0.65
2287, 0.40
2288, 0.60
2289, 0.77
2290, 0.82
2291, 0.39
2292, 0.99
2293, 0.98
2294, 0.55
2295, 0.64
2296, 0.39
2297, 0.44
2298, 0.53
2299, 0.33
2300, 0.90
2301, 0.54
2302, 0.24
2303, 0.54
2304, 0.37
2305, 0.47
2306, 0.15
2307, 0.62
2308, 0.53
2309, 0.50
2310, 0.53
2311, 0.58
2312, 0.52
2313, 0.39
2314, 0.50
2315, 0.47
2316, 0.35
2317, 0.81
2318, 0.51
2319, 0.54
2320, 0.67
2321, 0.72
2322, 0.23
2323, 0.37
2324, 0.44
2325, 0.49
2326, 0.22
2327, 0.48
2328, 0.33
2329, 0.11
2330, 0.50
2331, 0.38
2332, 0.40
2333, 0.97
2334, 0.24
2335, 0.19
2336, 1.00
2337, 0.29
2338, 0.54
2339, 0.46
2340, 0.31
2341, 0.63
2342, 0.46
2343, 0.97
2344, 0.37
2345, 0.45
2346, 0.66
2347, 0.49
2348, 0.36
2349, 0.59
2350, 0.46
2351, 0.95
2352, 0.38
2353, 0.26
2354, 0.65
2355, 0.63
2356, 0.42
2357, 0.98
2358, 0.42
2359, 0.44
2360, 0.43
2361, 0.90
2362, 0.54
2363, 0.94
2364, 0.75
2365, 0.56
2366, 0.41
2367, 0.20
2368, 0.42
2369, 0.34
2370, 0.60
2371, 0.66
2372, 0.51
2373, 0.32
2374, 0.34
2375, 0.72
2376, 0.41
2377, 0.60
2378, 0.47
2379, 0.62
2380, 0.44
2381, 0.07
2382, 0.64
2383, 0.44
2384, 0.68
2385, 0.89
2386, 0.42
2387, 0.98
2388, 0.33
2389, 0.94
2390, 0.42
2391, 0.56
2392, 0.96
2393, 0.66
2394, 0.11
2395, 0.57
2396, 0.49
2397, 0.51
2398, 0.99
2399, 0.45
2400, 0.44
2401, 0.43
2402, 0.36
2403, 0.36
2404, 0.29
2405, 0.58
2406, 0.54
2407, 0.17
2408, 0.96
2409, 0.37
2410, 0.68
2411, 0.40
2412, 0.90
2413, 0.52
2414, 0.62
2415, 0.16
2416, 0.38
2417, 0.48
2418, 0.67
2419, 0.99
2420, 0.34
2421, 0.99
2422, 0.53
2423, 0.43
2424, 0.66
2425, 0.51
2426, 0.37
2427, 0.51
2428, 0.21
2429, 0.32
2430, 0.36
2431, 0.59
2432, 0.85
2433, 0.96
2434, 0.61
2435, 0.45
2436, 0.17
2437, 0.46
2438, 0.45
2439, 0.47
2440, 0.09
2441, 0.16
2442, 0.65
2443, 0.44
2444, 0.34
2445, 0.36
2446, 0.32
2447, 0.38
2448, 0.60
2449, 0.86
2450, 0.33
2451, 0.23
2452, 0.23
2453, 0.35
2454, 0.43
2455, 0.57
2456, 0.77
2457, 0.29
2458, 0.39
2459, 0.44
2460, 0.93
2461, 0.91
2462, 0.35
2463, 0.97
2464, 0.20
2465, 0.30
2466, 0.32
2467, 0.76
2468, 0.41
2469, 0.16
2470, 0.44
2471, 0.56
2472, 0.23
2473, 0.65
2474, 0.31
2475, 0.56
2476, 0.64
2477, 0.68
2478, 0.41
2479, 0.99
2480, 0.69
2481, 0.52
2482, 0.97
2483, 0.43
2484, 0.66
2485, 0.64
2486, 0.63
2487, 0.67
2488, 0.67
2489, 0.57
2490, 0.42
2491, 0.56
2492, 0.44
2493, 0.48
2494, 0.48
2495, 0.31
2496, 0.32
2497, 0.22
2498, 0.97
2499, 0.48
2500, 0.61
2501, 0.39
2502, 0.28
2503, 0.31
2504, 0.58
2505, 0.66
2506, 0.41
2507, 0.53
2508, 0.44
2509, 0.27
2510, 0.61
2511, 0.85
2512, 0.37
2513, 0.98
2514, 0.96
2515, 0.57
2516, 0.99
2517, 0.38
2518, 0.62
2519, 0.11
2520, 0.56
2521, 0.36
2522, 0.21
2523, 0.58
2524, 0.29
2525, 0.57
2526, 0.10
2527, 0.35
2528, 0.43
2529, 0.44
2530, 0.71
2531, 0.60
2532, 0.66
2533, 0.49
2534, 0.43
2535, 0.09
2536, 0.43
2537, 0.61
2538, 0.65
2539, 0.44
2540, 0.49
2541, 0.99
2542, 0.41
2543, 0.50
2544, 0.66
2545, 0.42
2546, 0.12
2547, 0.52
2548, 0.49
2549, 0.42
2550, 0.97
2551, 0.54
2552, 0.64
2553, 0.99
2554, 0.27
2555, 0.49
2556, 0.37
2557, 0.42
2558, 0.54
2559, 0.39
2560, 0.38
2561, 0.01
2562, 0.96
2563, 0.93
2564, 0.31
2565, 0.55
2566, 0.45
2567, 0.46
2568, 0.76
2569, 0.91
2570, 0.51
2571, 0.25
2572, 0.68
2573, 0.95
2574, 0.34
2575, 0.71
2576, 0.28
2577, 0.18
2578, 0.71
2579, 0.57
2580, 0.46
2581, 0.46
2582, 0.59
2583, 0.52
2584, 0.35
2585, 0.40
2586, 0.56
2587, 0.41
2588, 0.41
2589, 0.51
2590, 0.35
2591, 0.55
2592, 0.40
2593, 0.62
2594, 0.42
2595, 0.56
2596, 0.24
2597, 0.61
2598, 0.56
2599, 0.28
2600, 0.56
2601, 0.48
2602, 0.59
2603, 0.54
2604, 0.23
2605, 0.38
2606, 0.76
2607, 0.51
2608, 0.65
2609, 0.67
2610, 0.33
2611, 0.41
2612, 0.42
2613, 0.40
2614, 0.06
2615, 0.77
2616, 0.60
2617, 0.83
2618, 0.46
2619, 0.10
2620, 0.41
2621, 0.54
2622, 1.00
2623, 0.71
2624, 0.44
2625, 0.39
2626, 0.99
2627, 0.87
2628, 0.24
2629, 0.55
2630, 0.61
2631, 0.55
2632, 0.44
2633, 0.93
2634, 0.13
2635, 0.45
2636, 0.29
2637, 0.29
2638, 0.34
2639, 0.54
2640, 0.71
2641, 0.52
2642, 0.46
2643, 0.65
2644, 0.36
2645, 0.49
2646, 0.39
2647, 0.58
2648, 0.60
2649, 0.61
2650, 0.43
2651, 0.10
2652, 0.45
2653, 0.05
2654, 0.63
2655, 0.70
2656, 0.71
2657, 0.98
2658, 0.62
2659, 0.18
2660, 0.56
2661, 0.31
2662, 0.97
2663, 0.41
2664, 0.41
2665, 0.62
2666, 0.63
2667, 0.10
2668, 0.73
2669, 0.10
2670, 0.65
2671, 0.95
2672, 0.24
2673, 0.31
2674, 0.26
2675, 0.27
2676, 0.25
2677, 0.59
2678, 0.91
2679, 0.63
2680, 0.50
2681, 0.94
2682, 0.41
2683, 0.92
2684, 0.48
2685, 0.32
2686, 0.70
2687, 0.62
2688, 0.46
2689, 0.55
2690, 0.22
2691, 0.35
2692, 0.67
2693, 0.21
2694, 0.34
2695, 0.41
2696, 0.36
2697, 0.54
2698, 0.58
2699, 0.62
2700, 0.55
2701, 0.42
2702, 0.48
2703, 0.68
2704, 0.40
2705, 0.53
2706, 0.96
2707, 0.53
2708, 0.62
2709, 0.48
2710, 0.74
2711, 0.34
2712, 0.99
2713, 0.75
2714, 0.23
2715, 0.26
2716, 0.27
2717, 0.37
2718, 0.57
2719, 0.51
2720, 0.68
2721, 0.96
2722, 0.65
2723, 0.57
2724, 0.47
2725, 0.16
2726, 0.55
2727, 0.60
2728, 0.43
2729, 0.50
2730, 0.64
2731, 0.50
2732, 0.73
2733, 0.15
2734, 0.45
2735, 0.53
2736, 0.56
2737, 0.29
2738, 0.45
2739, 0.26
2740, 0.43
2741, 0.68
2742, 0.78
2743, 0.92
2744, 0.10
2745, 0.75
2746, 0.41
2747, 0.25
2748, 0.73
2749, 0.35
2750, 0.48
2751, 0.25
2752, 0.59
2753, 0.59
2754, 0.88
2755, 0.98
2756, 0.30
2757, 0.42
2758, 1.00
2759, 0.57
2760, 0.31
2761, 0.18
2762, 0.53
2763, 0.62
2764, 0.64
2765, 0.58
2766, 0.44
2767, 0.65
2768, 0.60
2769, 0.24
2770, 0.58
2771, 0.31
2772, 0.40
2773, 0.59
2774, 0.36
2775, 0.14
2776, 0.87
2777, 0.90
2778, 0.19
2779, 0.16
2780, 0.74
2781, 0.49
2782, 0.29
2783, 0.40
2784, 0.87
2785, 0.62
2786, 0.93
2787, 0.70
2788, 0.36
2789, 0.43
2790, 0.46
2791, 0.48
2792, 0.96
2793, 0.45
2794, 0.78
2795, 0.63
2796, 0.17
2797, 0.28
2798, 0.46
2799, 0.50
2800, 0.14
2801, 0.13
2802, 0.41
2803, 0.59
2804, 0.32
2805, 0.17
2806, 0.33
2807, 0.21
2808, 0.56
2809, 0.51
2810, 0.29
2811, 0.39
2812, 0.41
2813, 0.53
2814, 0.55
2815, 0.38
2816, 0.55
2817, 0.09
2818, 0.34
2819, 0.60
2820, 0.90
2821, 0.65
2822, 0.37
2823, 0.11
2824, 0.65
2825, 0.15
2826, 0.89
2827, 0.19
2828, 0.45
2829, 0.44
2830, 0.28
2831, 0.66
2832, 0.58
2833, 0.39
2834, 0.98
2835, 0.49
2836, 0.26
2837, 0.97
2838, 0.42
2839, 0.27
2840, 0.65
2841, 0.18
2842, 0.55
2843, 0.55
2844, 0.38
2845, 0.61
2846, 0.36
2847, 0.40
2848, 0.66
2849, 0.66
2850, 0.49
2851, 0.28
2852, 0.08
2853, 0.52
2854, 0.61
2855, 0.47
2856, 0.15
2857, 0.93
2858, 0.54
2859, 0.70
2860, 0.45
2861, 0.36
2862, 0.50
2863, 0.40
2864, 0.64
2865, 0.41
2866, 0.53
2867, 0.46
2868, 0.39
2869, 0.59
2870, 0.42
2871, 0.01
2872, 0.42
2873, 0.56
2874, 0.56
2875, 0.37
2876, 0.08
2877, 0.56
2878, 0.62
2879, 0.41
2880, 0.93
2881, 0.45
2882, 0.89
2883, 0.86
2884, 0.99
2885, 0.28
2886, 0.56
2887, 0.40
2888, 0.41
2889, 0.60
2890, 0.47
2891, 0.58
2892, 0.46
2893, 0.60
2894, 0.41
2895, 0.64
2896, 0.90
2897, 0.10
2898, 0.90
2899, 0.47
2900, 0.42
2901, 0.63
2902, 0.99
2903, 0.95
2904, 0.28
2905, 0.39
2906, 0.57
2907, 0.60
2908, 0.39
2909, 0.17
2910, 0.97
2911, 0.48
2912, 0.28
2913, 0.39
2914, 0.28
2915, 0.95
2916, 0.43
2917, 0.18
2918, 0.74
2919, 0.36
2920, 0.42
2921, 0.98
2922, 0.44
2923, 0.44
2924, 0.66
2925, 0.48
2926, 0.14
2927, 0.60
2928, 0.45
2929, 0.45
2930, 0.28
2931, 0.48
2932, 0.49
2933, 0.53
2934, 0.57
2935, 0.61
2936, 0.69
2937, 0.33
2938, 0.88
2939, 0.22
2940, 0.29
2941, 0.27
2942, 0.63
2943, 0.69
2944, 0.37
2945, 0.19
2946, 0.65
2947, 0.59
2948, 0.99
2949, 0.92
2950, 0.06
2951, 0.59
2952, 0.75
2953, 0.66
2954, 1.00
2955, 0.39
2956, 0.48
2957, 0.87
2958, 0.36
2959, 0.18
2960, 0.57
2961, 0.56
2962, 0.38
2963, 0.64
2964, 0.64
2965, 0.32
2966, 0.45
2967, 0.49
2968, 0.38
2969, 0.78
2970, 0.20
2971, 0.39
2972, 0.23
2973, 0.87
2974, 0.54
2975, 0.18
2976, 0.50
2977, 0.41
2978, 0.53
2979, 0.58
2980, 0.35
2981, 0.63
2982, 0.39
2983, 0.22
2984, 0.36
2985, 0.55
2986, 0.59
2987, 0.12
2988, 0.47
2989, 0.38
2990, 0.63
2991, 0.59
2992, 0.86
2993, 0.33
2994, 0.35
2995, 0.74
2996, 0.38
2997, 0.49
2998, 0.37
2999, 0.45
3000, 0.24
3001, 0.30
3002, 0.40
3003, 0.94
3004, 0.72
3005, 0.60
3006, 0.42
3007, 0.50
3008, 0.47
3009, 0.17
3010, 0.53
3011, 0.43
3012, 0.39
3013, 0.66
3014, 0.58
3015, 0.48
3016, 0.15
3017, 0.43
3018, 0.60
3019, 0.64
3020, 0.51
3021, 0.43
3022, 0.43
3023, 0.47
3024, 0.50
3025, 0.35
3026, 0.31
3027, 0.54
3028, 0.75
3029, 0.34
3030, 0.58
3031, 0.94
3032, 0.51
3033, 0.20
3034, 0.26
3035, 0.60
3036, 0.59
3037, 0.26
3038, 0.29
3039, 0.44
3040, 0.60
3041, 0.21
3042, 0.46
3043, 0.43
3044, 0.66
3045, 0.63
3046, 0.49
3047, 0.29
3048, 0.15
3049, 0.46
3050, 0.13
3051, 0.49
3052, 0.46
3053, 0.51
3054, 0.13
3055, 0.47
3056, 0.23
3057, 0.59
3058, 0.61
3059, 0.47
3060, 0.62
3061, 0.66
3062, 0.39
3063, 0.45
3064, 0.18
3065, 0.79
3066, 0.59
3067, 0.39
3068, 0.56
3069, 0.55
3070, 0.66
3071, 0.48
3072, 0.65
3073, 0.41
3074, 0.46
3075, 0.32
3076, 0.34
3077, 0.14
3078, 0.29
3079, 0.37
3080, 0.58
3081, 0.92
3082, 0.98
3083, 0.38
3084, 0.55
3085, 0.57
3086, 0.63
3087, 0.60
3088, 0.56
3089, 0.99
3090, 0.76
3091, 0.34
3092, 0.03
3093, 0.61
3094, 0.95
3095, 0.79
3096, 0.55
3097, 0.50
3098, 0.31
3099, 0.46
3100, 0.98
3101, 0.60
3102, 0.41
3103, 0.51
3104, 0.30
3105, 0.15
3106, 0.31
3107, 0.51
3108, 0.50
3109, 0.10
3110, 0.99
3111, 0.71
3112, 0.52
3113, 0.72
3114, 0.41
3115, 0.71
3116, 0.37
3117, 0.54
3118, 0.30
3119, 0.55
3120, 0.30
3121, 0.44
3122, 0.26
3123, 0.75
3124, 0.99
3125, 0.49
3126, 0.68
3127, 0.51
3128, 0.26
3129, 0.60
3130, 1.00
3131, 0.18
3132, 0.49
3133, 0.67
3134, 0.74
3135, 0.57
3136, 0.51
3137, 0.45
3138, 0.45
3139, 0.43
3140, 0.28
3141, 0.44
3142, 0.93
3143, 0.45
3144, 0.57
3145, 0.35
3146, 0.57
3147, 0.20
3148, 0.57
3149, 0.52
3150, 0.69
3151, 0.73
3152, 0.47
3153, 0.18
3154, 0.90
3155, 0.33
3156, 0.77
3157, 0.52
3158, 0.58
3159, 0.96
3160, 0.82
3161, 0.24
3162, 0.36
3163, 0.88
3164, 0.98
3165, 0.49
3166, 0.55
3167, 0.14
3168, 0.40
3169, 0.62
3170, 0.50
3171, 0.52
3172, 0.65
3173, 0.95
3174, 0.39
3175, 0.51
3176, 0.54
3177, 0.41
3178, 0.72
3179, 0.31
3180, 0.22
3181, 0.54
3182, 0.58
3183, 0.53
3184, 0.39
3185, 0.32
3186, 0.13
3187, 0.46
3188, 0.40
3189, 0.62
3190, 0.74
3191, 0.83
3192, 0.59
3193, 0.28
3194, 0.98
3195, 0.10
3196, 0.29
3197, 0.57
3198, 0.63
3199, 0.53
3200, 0.59
3201, 0.51
3202, 0.61
3203, 0.71
3204, 0.99
3205, 0.46
3206, 0.60
3207, 0.91
3208, 0.43
3209, 0.60
3210, 0.38
3211, 0.97
3212, 0.95
3213, 0.15
3214, 0.49
3215, 0.90
3216, 0.26
3217, 0.34
3218, 0.47
3219, 0.58
3220, 0.42
3221, 0.50
3222, 0.94
3223, 0.43
3224, 0.69
3225, 0.57
3226, 0.24
3227, 0.58
3228, 0.33
3229, 0.59
3230, 0.55
3231, 0.44
3232, 0.97
3233, 0.49
3234, 0.39
3235, 0.05
3236, 0.74
3237, 0.59
3238, 0.48
3239, 0.77
3240, 0.41
3241, 0.58
3242, 0.26
3243, 0.42
3244, 0.53
3245, 0.57
3246, 0.49
3247, 1.00
3248, 0.48
3249, 0.76
3250, 0.11
3251, 0.54
3252, 0.93
3253, 0.49
3254, 1.00
3255, 0.49
3256, 0.49
3257, 0.66
3258, 0.94
3259, 0.59
3260, 0.21
3261, 0.16
3262, 0.50
3263, 0.50
3264, 0.07
3265, 0.75
3266, 0.74
3267, 0.24
3268, 0.65
3269, 0.49
3270, 0.79
3271, 0.19
3272, 0.30
3273, 0.54
3274, 0.90
3275, 0.83
3276, 0.08
3277, 0.45
3278, 0.34
3279, 0.96
3280, 0.61
3281, 0.48
3282, 0.36
3283, 0.41
3284, 0.39
3285, 0.43
3286, 0.99
3287, 0.57
3288, 0.35
3289, 0.33
3290, 0.29
3291, 0.92
3292, 0.99
3293, 0.68
3294, 0.38
3295, 0.37
3296, 0.46
3297, 0.30
3298, 0.61
3299, 0.55
3300, 0.27
3301, 0.68
3302, 0.26
3303, 0.48
3304, 0.54
3305, 0.30
3306, 0.44
3307, 0.81
3308, 0.38
3309, 0.37
3310, 0.92
3311, 0.36
3312, 0.60
3313, 0.98
3314, 0.41
3315, 0.07
3316, 0.46
3317, 0.61
3318, 0.36
3319, 0.14
3320, 0.42
3321, 0.67
3322, 0.40
3323, 0.39
3324, 0.29
3325, 0.30
3326, 0.21
3327, 0.23
3328, 0.73
3329, 0.06
3330, 0.62
3331, 0.52
3332, 0.33
3333, 0.24
3334, 0.54
3335, 0.95
3336, 0.17
3337, 0.68
3338, 0.52
3339, 0.71
3340, 0.98
3341, 0.32
3342, 0.58
3343, 0.19
3344, 0.28
3345, 0.53
3346, 0.61
3347, 0.55
3348, 0.33
3349, 0.46
3350, 0.22
3351, 0.51
3352, 0.36
3353, 0.24
3354, 0.52
3355, 0.28
3356, 0.54
3357, 0.59
3358, 0.06
3359, 0.39
3360, 0.55
3361, 0.73
3362, 0.49
3363, 0.43
3364, 0.21
3365, 0.60
3366, 0.48
3367, 0.20
3368, 0.28
3369, 0.56
3370, 0.58
3371, 0.21
3372, 0.43
3373, 0.56
3374, 0.39
3375, 0.51
3376, 0.27
3377, 0.95
3378, 0.26
3379, 0.46
3380, 0.61
3381, 0.08
3382, 0.23
3383, 0.38
3384, 0.16
3385, 0.82
3386, 0.97
3387, 0.33
3388, 0.39
3389, 0.47
3390, 0.50
3391, 0.53
3392, 0.68
3393, 0.12
3394, 0.23
3395, 0.64
3396, 1.00
3397, 0.47
3398, 0.30
3399, 0.66
3400, 0.97
3401, 0.61
3402, 0.26
3403, 0.43
3404, 0.41
3405, 0.45
3406, 0.67
3407, 0.19
3408, 0.26
3409, 0.35
3410, 0.46
3411, 0.43
3412, 0.85
3413, 0.18
3414, 0.99
3415, 0.52
3416, 0.39
3417, 0.91
3418, 0.40
3419, 0.01
3420, 0.32
3421, 0.08
3422, 0.70
3423, 0.22
3424, 0.68
3425, 0.88
3426, 0.75
3427, 0.45
3428, 0.66
3429, 0.51
3430, 0.34
3431, 0.96
3432, 0.25
3433, 0.50
3434, 0.49
3435, 0.37
3436, 0.68
3437, 0.90
3438, 0.30
3439, 0.17
3440, 0.37
3441, 0.37
3442, 0.27
3443, 0.13
3444, 0.60
3445, 0.47
3446, 0.48
3447, 0.66
3448, 0.41
3449, 0.80
3450, 0.10
3451, 0.63
3452, 0.75
3453, 0.64
3454, 1.00
3455, 0.16
3456, 0.28
3457, 0.98
3458, 0.74
3459, 0.36
3460, 0.39
3461, 0.42
3462, 0.93
3463, 0.95
3464, 0.41
3465, 0.28
3466, 0.52
3467, 0.39
3468, 0.39
3469, 0.58
3470, 0.12
3471, 0.51
3472, 0.51
3473, 0.25
3474, 0.63
3475, 0.36
3476, 0.64
3477, 0.40
3478, 0.54
3479, 0.52
3480, 0.68
3481, 0.16
3482, 0.55
3483, 0.73
3484, 0.38
3485, 0.82
3486, 0.66
3487, 0.50
3488, 0.36
3489, 0.58
3490, 0.57
3491, 0.52
3492, 0.93
3493, 0.68
3494, 0.18
3495, 0.42
3496, 0.26
3497, 0.49
3498, 0.59
3499, 0.79
3500, 0.15
3501, 0.50
3502, 0.65
3503, 0.28
3504, 0.26
3505, 0.77
3506, 0.10
3507, 0.36
3508, 0.68
3509, 0.44
3510, 0.61
3511, 0.41
3512, 0.51
3513, 0.63
3514, 0.58
3515, 0.23
3516, 0.77
3517, 0.45
3518, 0.07
3519, 0.53
3520, 0.46
3521, 0.57
3522, 0.42
3523, 0.35
3524, 0.50
3525, 0.99
3526, 0.17
3527, 0.35
3528, 0.94
3529, 0.36
3530, 0.43
3531, 0.44
3532, 0.42
3533, 0.59
3534, 0.21
3535, 0.47
3536, 0.20
3537, 0.23
3538, 0.70
3539, 0.51
3540, 0.75
3541, 0.96
3542, 0.15
3543, 0.51
3544, 0.37
3545, 0.51
3546, 0.41
3547, 0.60
3548, 0.50
3549, 0.36
3550, 0.45
3551, 0.66
3552, 0.57
3553, 0.57
3554, 0.96
3555, 0.40
3556, 0.42
3557, 0.50
3558, 0.56
3559, 0.48
3560, 0.30
3561, 0.91
3562, 0.33
3563, 0.08
3564, 0.32
3565, 0.21
3566, 0.66
3567, 0.45
3568, 0.25
3569, 0.97
3570, 0.54
3571, 0.44
3572, 0.12
3573, 0.57
3574, 0.97
3575, 0.33
3576, 0.43
3577, 0.42
3578, 0.54
3579, 0.29
3580, 0.33
3581, 0.65
3582, 0.39
3583, 0.42
3584, 0.65
3585, 0.29
3586, 0.99
3587, 0.35
3588, 0.63
3589, 0.32
3590, 0.36
3591, 0.69
3592, 0.88
3593, 0.33
3594, 0.14
3595, 0.93
3596, 0.34
3597, 0.31
3598, 0.46
3599, 0.57
3600, 0.17
3601, 0.32
3602, 0.04
3603, 0.95
3604, 0.42
3605, 0.43
3606, 0.43
3607, 0.06
3608, 0.40
3609, 0.75
3610, 0.24
3611, 0.51
3612, 0.43
3613, 0.40
3614, 0.56
3615, 0.15
3616, 0.99
3617, 0.67
3618, 0.27
3619, 0.39
3620, 0.25
3621, 0.21
3622, 0.44
3623, 0.99
3624, 0.58
3625, 0.94
3626, 0.35
3627, 0.25
3628, 0.37
3629, 0.50
3630, 0.44
3631, 0.97
3632, 0.56
3633, 0.26
3634, 0.48
3635, 0.69
3636, 0.79
3637, 0.29
3638, 0.64
3639, 0.25
3640, 0.52
3641, 0.29
3642, 0.54
3643, 0.93
3644, 0.99
3645, 0.36
3646, 0.94
3647, 0.24
3648, 0.44
3649, 0.63
3650, 0.26
3651, 0.47
3652, 0.44
3653, 0.97
3654, 0.60
3655, 0.92
3656, 0.26
3657, 0.14
3658, 0.39
3659, 0.50
3660, 0.97
3661, 0.66
3662, 0.49
3663, 0.35
3664, 0.45
3665, 0.67
3666, 0.71
3667, 0.46
3668, 0.54
3669, 0.47
3670, 0.35
3671, 0.61
3672, 0.45
3673, 0.52
3674, 0.56
3675, 0.50
3676, 0.41
3677, 0.48
3678, 0.45
3679, 0.27
3680, 0.41
3681, 0.36
3682, 0.21
3683, 0.51
3684, 0.68
3685, 0.33
3686, 0.31
3687, 0.19
3688, 0.37
3689, 0.38
3690, 0.18
3691, 0.42
3692, 0.58
3693, 0.31
3694, 0.98
3695, 0.80
3696, 0.44
3697, 0.55
3698, 0.28
3699, 0.58
3700, 0.97
3701, 0.51
3702, 0.48
3703, 0.43
3704, 0.39
3705, 0.96
3706, 0.41
3707, 0.47
3708, 0.61
3709, 0.30
3710, 0.27
3711, 0.38
3712, 0.43
3713, 0.41
3714, 0.40
3715, 0.53
3716, 0.48
3717, 0.91
3718, 0.15
3719, 0.58
3720, 0.32
3721, 0.88
3722, 0.63
3723, 0.72
3724, 0.57
3725, 0.50
3726, 0.41
3727, 0.79
3728, 0.83
3729, 0.53
3730, 0.57
3731, 0.59
3732, 0.61
3733, 0.58
3734, 0.48
3735, 0.51
3736, 0.46
3737, 0.36
3738, 0.55
3739, 0.47
3740, 0.37
3741, 0.25
3742, 0.40
3743, 0.63
3744, 0.31
3745, 0.94
3746, 0.55
3747, 0.98
3748, 0.36
3749, 0.69
3750, 0.61
3751, 0.48
3752, 0.43
3753, 0.83
3754, 1.00
3755, 0.40
3756, 0.23
3757, 0.66
3758, 0.93
3759, 0.28
3760, 0.28
3761, 0.06
3762, 0.77
3763, 0.73
3764, 0.18
3765, 0.61
3766, 0.25
3767, 0.35
3768, 0.28
3769, 0.97
3770, 0.35
3771, 0.25
3772, 0.22
3773, 0.64
3774, 0.41
3775, 0.26
3776, 0.50
3777, 0.28
3778, 0.20
3779, 0.50
3780, 0.58
3781, 0.68
3782, 0.82
3783, 0.44
3784, 0.57
3785, 0.58
3786, 0.76
3787, 0.57
3788, 0.65
3789, 0.33
3790, 0.59
3791, 0.44
3792, 0.53
3793, 0.59
3794, 0.46
3795, 0.62
3796, 0.62
3797, 0.46
3798, 0.83
3799, 0.41
3800, 0.97
3801, 0.48
3802, 0.31
3803, 0.79
3804, 0.77
3805, 0.55
3806, 0.41
3807, 0.73
3808, 0.60
3809, 0.54
3810, 0.23
3811, 0.41
3812, 0.39
3813, 0.31
3814, 0.40
3815, 0.92
3816, 0.23
3817, 0.49
3818, 0.30
3819, 0.31
3820, 0.36
3821, 0.48
3822, 0.31
3823, 0.67
3824, 0.49
3825, 0.13
3826, 0.54
3827, 0.64
3828, 0.87
3829, 0.40
3830, 0.56
3831, 0.39
3832, 0.27
3833, 0.90
3834, 0.55
3835, 0.11
3836, 0.88
3837, 0.59
3838, 0.25
3839, 0.56
3840, 0.14
3841, 0.36
3842, 0.45
3843, 0.99
3844, 0.24
3845, 0.43
3846, 0.26
3847, 0.63
3848, 0.53
3849, 0.44
3850, 0.42
3851, 0.60
3852, 0.78
3853, 0.49
3854, 0.45
3855, 0.91
3856, 0.71
3857, 0.99
3858, 0.67
3859, 0.61
3860, 0.55
3861, 0.93
3862, 0.07
3863, 0.57
3864, 0.18
3865, 0.39
3866, 0.41
3867, 0.65
3868, 0.07
3869, 0.51
3870, 0.50
3871, 0.46
3872, 0.48
3873, 0.98
3874, 0.59
3875, 0.94
3876, 0.40
3877, 0.29
3878, 0.44
3879, 0.54
3880, 0.61
3881, 0.36
3882, 0.46
3883, 0.51
3884, 0.43
3885, 0.28
3886, 0.21
3887, 0.21
3888, 0.51
3889, 0.55
3890, 0.37
3891, 0.66
3892, 0.24
3893, 0.39
3894, 0.37
3895, 0.07
3896, 0.53
3897, 0.21
3898, 0.55
3899, 0.39
3900, 0.44
3901, 0.50
3902, 0.53
3903, 0.56
3904, 0.96
3905, 0.50
3906, 0.52
3907, 0.69
3908, 0.97
3909, 0.64
3910, 0.40
3911, 0.38
3912, 0.58
3913, 0.65
3914, 0.41
3915, 0.52
3916, 0.07
3917, 0.42
3918, 0.49
3919, 0.50
3920, 0.65
3921, 0.49
3922, 0.57
3923, 0.56
3924, 0.88
3925, 0.72
3926, 0.28
3927, 0.48
3928, 0.98
3929, 0.97
3930, 0.39
3931, 0.49
3932, 0.68
3933, 0.49
3934, 0.48
3935, 0.58
3936, 0.69
3937, 0.68
3938, 0.46
3939, 0.66
3940, 0.69
3941, 0.30
3942, 0.61
3943, 0.47
3944, 0.94
3945, 0.48
3946, 0.50
3947, 0.38
3948, 0.08
3949, 0.97
3950, 0.35
3951, 0.45
3952, 1.00
3953, 0.42
3954, 0.42
3955, 0.19
3956, 0.36
3957, 0.51
3958, 0.50
3959, 1.00
3960, 0.19
3961, 0.47
3962, 0.58
3963, 0.50
3964, 0.49
3965, 0.83
3966, 0.43
3967, 0.49
3968, 0.49
3969, 0.60
3970, 0.28
3971, 0.55
3972, 0.52
3973, 0.51
3974, 0.40
3975, 0.69
3976, 0.54
3977, 0.59
3978, 0.93
3979, 0.49
3980, 0.41
3981, 0.73
3982, 0.56
3983, 0.91
3984, 0.31
3985, 0.67
3986, 0.39
3987, 0.25
3988, 0.90
3989, 0.63
3990, 0.18
3991, 0.48
3992, 0.46
3993, 0.33
3994, 0.66
3995, 0.40
3996, 0.13
3997, 0.45
3998, 0.62
3999, 0.34
4000, 0.40
4001, 0.48
4002, 0.32
4003, 0.90
4004, 0.48
4005, 0.55
4006, 0.39
4007, 0.61
4008, 0.42
4009, 0.55
4010, 0.46
4011, 0.97
4012, 0.45
4013, 0.59
4014, 0.13
4015, 0.15
4016, 0.11
4017, 0.17
4018, 0.59
4019, 0.64
4020, 0.52
4021, 0.47
4022, 0.48
4023, 0.46
4024, 0.39
4025, 0.59
4026, 0.49
4027, 0.59
4028, 0.63
4029, 0.96
4030, 0.62
4031, 0.45
4032, 0.46
4033, 0.63
4034, 0.39
4035, 0.55
4036, 0.44
4037, 0.41
4038, 0.62
4039, 0.77
4040, 0.50
4041, 0.37
4042, 0.51
4043, 0.63
4044, 0.46
4045, 0.49
4046, 0.42
4047, 0.27
4048, 0.52
4049, 0.55
4050, 0.76
4051, 0.48
4052, 0.33
4053, 0.48
4054, 0.33
4055, 0.43
4056, 0.31
4057, 0.75
4058, 0.71
4059, 0.39
4060, 0.53
4061, 0.27
4062, 0.57
4063, 0.28
4064, 0.37
4065, 0.45
4066, 0.97
4067, 0.16
4068, 0.96
4069, 0.79
4070, 0.23
4071, 0.97
4072, 0.58
4073, 0.99
4074, 0.36
4075, 0.46
4076, 0.22
4077, 0.50
4078, 0.94
4079, 0.29
4080, 0.44
4081, 0.56
4082, 0.64
4083, 0.57
4084, 0.53
4085, 0.52
4086, 0.47
4087, 0.95
4088, 0.21
4089, 0.47
4090, 0.88
4091, 0.94
4092, 1.00
4093, 0.43
4094, 0.59
4095, 0.50
4096, 0.67
4097, 0.35
4098, 0.31
4099, 0.56
4100, 0.66
4101, 0.17
4102, 0.61
4103, 0.48
4104, 0.17
4105, 0.49
4106, 0.72
4107, 0.41
4108, 0.97
4109, 0.24
4110, 0.97
4111, 0.98
4112, 0.61
4113, 0.48
4114, 0.56
4115, 0.29
4116, 0.48
4117, 0.59
4118, 0.56
4119, 0.27
4120, 0.72
4121, 0.34
4122, 0.30
4123, 0.14
4124, 0.35
4125, 0.39
4126, 0.30
4127, 0.39
4128, 0.67
4129, 0.55
4130, 0.62
4131, 0.42
4132, 0.71
4133, 0.87
4134, 0.54
4135, 0.52
4136, 0.72
4137, 0.66
4138, 0.37
4139, 0.67
4140, 0.41
4141, 0.97
4142, 0.19
4143, 0.22
4144, 0.03
4145, 0.56
4146, 0.98
4147, 0.23
4148, 0.35
4149, 0.23
4150, 0.46
4151, 0.52
4152, 0.39
4153, 0.88
4154, 0.78
4155, 0.98
4156, 0.16
4157, 0.57
4158, 0.62
4159, 0.51
4160, 0.32
4161, 0.21
4162, 0.37
4163, 0.24
4164, 0.44
4165, 0.94
4166, 0.64
4167, 0.33
4168, 0.45
4169, 0.77
4170, 0.55
4171, 0.53
4172, 0.66
4173, 0.63
4174, 0.12
4175, 0.04
4176, 0.94
4177, 0.98
4178, 0.57
4179, 0.94
4180, 0.48
4181, 0.55
4182, 0.13
4183, 0.63
4184, 0.46
4185, 0.58
4186, 0.44
4187, 0.43
4188, 0.97
4189, 0.62
4190, 0.37
4191, 0.57
4192, 0.44
4193, 0.99
4194, 0.63
4195, 0.26
4196, 0.48
4197, 0.46
4198, 0.59
4199, 0.46
4200, 0.60
4201, 0.76
4202, 0.44
4203, 0.58
4204, 0.35
4205, 0.09
4206, 0.54
4207, 0.34
4208, 0.62
4209, 0.19
4210, 0.42
4211, 0.43
4212, 0.35
4213, 0.92
4214, 0.44
4215, 0.52
4216, 0.86
4217, 0.30
4218, 0.42
4219, 0.88
4220, 0.37
4221, 0.61
4222, 0.59
4223, 0.27
4224, 0.54
4225, 0.33
4226, 0.34
4227, 0.52
4228, 0.55
4229, 0.45
4230, 0.59
4231, 0.58
4232, 0.93
4233, 0.49
4234, 0.44
4235, 0.51
4236, 0.47
4237, 0.47
4238, 0.47
4239, 0.99
4240, 0.79
4241, 0.57
4242, 0.93
4243, 0.64
4244, 0.57
4245, 0.30
4246, 0.39
4247, 0.98
4248, 0.23
4249, 0.49
4250, 0.18
4251, 0.41
4252, 0.87
4253, 0.34
4254, 0.67
4255, 0.37
4256, 0.50
4257, 0.37
4258, 0.46
4259, 0.39
4260, 1.00
4261, 0.99
4262, 0.43
4263, 0.34
4264, 0.41
4265, 0.54
4266, 0.99
4267, 0.37
4268, 0.99
4269, 0.57
4270, 0.44
4271, 0.12
4272, 0.23
4273, 0.39
4274, 0.43
4275, 0.64
4276, 0.48
4277, 0.16
4278, 0.34
4279, 0.36
4280, 0.54
4281, 0.48
4282, 0.97
4283, 0.45
4284, 0.41
4285, 0.94
4286, 0.44
4287, 0.49
4288, 0.69
4289, 0.54
4290, 0.42
4291, 0.52
4292, 0.35
4293, 0.51
4294, 0.67
4295, 0.54
4296, 0.48
4297, 0.34
4298, 0.31
4299, 0.51
4300, 0.45
4301, 0.44
4302, 0.33
4303, 0.46
4304, 0.40
4305, 0.97
4306, 0.40
4307, 0.54
4308, 0.48
4309, 0.45
4310, 0.41
4311, 0.26
4312, 0.39
4313, 0.44
4314, 0.18
4315, 0.58
4316, 0.23
4317, 0.36
4318, 0.49
4319, 0.12
4320, 0.30
4321, 1.00
4322, 0.45
4323, 0.79
4324, 0.40
4325, 0.38
4326, 0.54
4327, 0.28
4328, 0.63
4329, 0.56
4330, 0.38
4331, 0.25
4332, 0.92
4333, 0.94
4334, 0.47
4335, 0.54
4336, 0.50
4337, 0.22
4338, 0.59
4339, 0.99
4340, 0.85
4341, 0.36
4342, 0.59
4343, 0.26
4344, 0.42
4345, 0.45
4346, 0.43
4347, 0.37
4348, 0.24
4349, 0.40
4350, 0.73
4351, 0.76
4352, 0.19
4353, 0.94
4354, 0.60
4355, 0.42
4356, 0.43
4357, 0.49
4358, 0.29
4359, 0.67
4360, 0.37
4361, 0.57
4362, 0.45
4363, 0.96
4364, 0.30
4365, 0.90
4366, 0.61
4367, 1.00
4368, 0.99
4369, 0.76
4370, 0.61
4371, 0.38
4372, 0.47
4373, 0.49
4374, 0.38
4375, 0.40
4376, 0.54
4377, 0.48
4378, 0.51
4379, 0.58
4380, 0.49
4381, 0.44
4382, 0.70
4383, 0.54
4384, 0.43
4385, 0.53
4386, 0.59
4387, 0.44
4388, 0.98
4389, 0.61
4390, 0.38
4391, 0.30
4392, 0.68
4393, 0.06
4394, 0.42
4395, 0.77
4396, 0.40
4397, 0.57
4398, 0.48
4399, 0.34
4400, 1.00
4401, 0.41
4402, 0.54
4403, 0.63
4404, 0.58
4405, 0.49
4406, 0.41
4407, 0.17
4408, 0.88
4409, 0.03
4410, 0.72
4411, 0.32
4412, 0.49
4413, 0.65
4414, 0.46
4415, 0.15
4416, 0.42
4417, 0.46
4418, 0.11
4419, 0.67
4420, 0.50
4421, 0.39
4422, 0.51
4423, 0.56
4424, 0.99
4425, 0.46
4426, 0.29
4427, 0.27
4428, 0.15
4429, 0.47
4430, 0.40
4431, 0.43
4432, 0.39
4433, 0.51
4434, 0.49
4435, 0.51
4436, 0.55
4437, 0.46
4438, 0.36
4439, 0.96
4440, 0.91
4441, 0.45
4442, 0.60
4443, 0.37
4444, 0.02
4445, 0.26
4446, 0.44
4447, 0.92
4448, 0.47
4449, 0.43
4450, 0.53
4451, 0.37
4452, 0.48
4453, 0.65
4454, 0.34
4455, 0.49
4456, 0.34
4457, 0.37
4458, 0.96
4459, 0.61
4460, 0.55
4461, 0.42
4462, 0.43
4463, 0.24
4464, 0.16
4465, 0.55
4466, 0.36
4467, 0.23
4468, 0.45
4469, 0.69
4470, 0.72
4471, 0.27
4472, 0.13
4473, 0.37
4474, 0.21
4475, 0.49
4476, 0.95
4477, 0.66
4478, 0.96
4479, 0.40
4480, 0.63
4481, 0.30
4482, 0.46
4483, 0.49
4484, 0.24
4485, 0.26
4486, 0.39
4487, 0.46
4488, 0.55
4489, 0.70
4490, 0.37
4491, 0.45
4492, 0.33
4493, 0.48
4494, 0.22
4495, 0.96
4496, 0.38
4497, 0.36
4498, 1.00
4499, 0.40
4500, 0.14
4501, 0.79
4502, 0.97
4503, 0.45
4504, 0.49
4505, 0.57
4506, 0.51
4507, 0.13
4508, 0.57
4509, 0.63
4510, 0.32
4511, 0.56
4512, 0.38
4513, 0.50
4514, 0.94
4515, 0.32
4516, 0.38
4517, 0.47
4518, 0.50
4519, 0.71
4520, 0.42
4521, 0.27
4522, 0.61
4523, 0.88
4524, 0.41
4525, 0.09
4526, 0.53
4527, 1.00
4528, 0.32
4529, 0.52
4530, 0.35
4531, 0.62
4532, 0.55
4533, 0.41
4534, 0.85
4535, 0.40
4536, 0.62
4537, 0.94
4538, 0.27
4539, 0.17
4540, 0.46
4541, 0.44
4542, 0.19
4543, 0.28
4544, 0.42
4545, 0.93
4546, 0.39
4547, 0.28
4548, 0.61
4549, 0.27
4550, 0.49
4551, 0.26
4552, 0.41
4553, 0.87
4554, 0.72
4555, 0.51
4556, 0.57
4557, 0.47
4558, 0.31
4559, 0.62
4560, 0.61
4561, 0.52
4562, 0.72
4563, 0.98
4564, 0.95
4565, 0.70
4566, 0.41
4567, 0.63
4568, 0.35
4569, 0.67
4570, 0.07
4571, 0.54
4572, 0.45
4573, 0.45
4574, 0.40
4575, 0.93
4576, 0.96
4577, 0.36
4578, 0.50
4579, 0.43
4580, 0.24
4581, 0.91
4582, 0.85
4583, 0.50
4584, 0.62
4585, 0.98
4586, 0.38
4587, 0.96
4588, 0.65
4589, 0.27
4590, 0.61
4591, 0.62
4592, 0.22
4593, 0.27
4594, 0.35
4595, 0.97
4596, 0.57
4597, 0.65
4598, 0.40
4599, 0.44
4600, 0.50
4601, 0.12
4602, 0.61
4603, 0.47
4604, 0.56
4605, 0.63
4606, 0.45
4607, 0.17
4608, 0.29
4609, 0.46
4610, 0.04
4611, 0.56
4612, 0.57
4613, 0.28
4614, 0.40
4615, 0.34
4616, 0.56
4617, 0.84
4618, 0.98
4619, 0.04
4620, 0.48
4621, 0.25
4622, 0.96
4623, 0.91
4624, 0.74
4625, 0.68
4626, 0.71
4627, 0.01
4628, 0.28
4629, 0.94
4630, 0.54
4631, 0.37
4632, 0.53
4633, 0.33
4634, 0.60
4635, 0.22
4636, 0.96
4637, 0.54
4638, 0.42
4639, 0.98
4640, 0.99
4641, 0.46
4642, 0.28
4643, 0.58
4644, 0.66
4645, 0.52
4646, 0.34
4647, 0.42
4648, 0.34
4649, 0.59
4650, 0.09
4651, 0.72
4652, 0.62
4653, 0.82
4654, 0.39
4655, 0.66
4656, 0.98
4657, 0.44
4658, 0.66
4659, 0.32
4660, 0.50
4661, 0.78
4662, 0.59
4663, 0.26
4664, 0.95
4665, 0.51
4666, 0.58
4667, 1.00
4668, 0.49
4669, 0.33
4670, 0.40
4671, 0.47
4672, 0.92
4673, 0.15
4674, 0.98
4675, 0.50
4676, 0.23
4677, 0.43
4678, 0.29
4679, 0.31
4680, 0.39
4681, 0.45
4682, 0.99
4683, 1.00
4684, 0.96
4685, 0.62
4686, 0.36
4687, 0.37
4688, 0.23
4689, 0.63
4690, 0.93
4691, 0.42
4692, 0.65
4693, 0.64
4694, 0.43
4695, 0.47
4696, 0.13
4697, 0.36
4698, 0.13
4699, 0.43
4700, 0.59
4701, 0.99
4702, 0.62
4703, 0.56
4704, 0.40
4705, 0.51
4706, 0.45
4707, 0.41
4708, 0.94
4709, 0.81
4710, 0.41
4711, 0.40
4712, 0.26
4713, 0.67
4714, 0.37
4715, 0.41
4716, 0.53
4717, 0.31
4718, 1.00
4719, 0.83
4720, 0.31
4721, 0.57
4722, 0.57
4723, 0.48
4724, 0.49
4725, 0.30
4726, 0.26
4727, 0.58
4728, 0.56
4729, 0.47
4730, 0.46
4731, 0.47
4732, 0.67
4733, 0.58
4734, 0.51
4735, 0.74
4736, 0.65
4737, 0.56
4738, 0.59
4739, 0.72
4740, 0.36
4741, 0.71
4742, 0.72
4743, 0.80
4744, 0.69
4745, 0.38
4746, 0.71
4747, 0.60
4748, 0.68
4749, 0.96
4750, 0.45
4751, 0.47
4752, 0.38
4753, 0.36
4754, 0.37
4755, 0.69
4756, 0.51
4757, 0.63
4758, 0.66
4759, 0.59
4760, 0.17
4761, 0.18
4762, 0.99
4763, 0.17
4764, 0.12
4765, 0.53
4766, 0.12
4767, 0.38
4768, 0.53
4769, 0.37
4770, 0.40
4771, 1.00
4772, 0.41
4773, 0.53
4774, 0.61
4775, 0.51
4776, 0.63
4777, 0.44
4778, 0.48
4779, 0.60
4780, 0.69
4781, 0.98
4782, 0.37
4783, 0.81
4784, 0.65
4785, 1.00
4786, 0.94
4787, 0.97
4788, 0.39
4789, 0.43
4790, 0.61
4791, 0.78
4792, 0.49
4793, 0.42
4794, 0.24
4795, 0.97
4796, 0.99
4797, 0.61
4798, 0.42
4799, 0.45
4800, 0.32
4801, 0.24
4802, 0.20
4803, 0.15
4804, 0.51
4805, 0.34
4806, 0.72
4807, 0.37
4808, 0.60
4809, 0.48
4810, 0.51
4811, 0.40
4812, 0.45
4813, 0.19
4814, 0.13
4815, 0.51
4816, 0.56
4817, 0.65
4818, 0.36
4819, 0.42
4820, 0.97
4821, 0.48
4822, 0.05
4823, 0.11
4824, 0.70
4825, 0.12
4826, 0.34
4827, 0.41
4828, 0.49
4829, 0.89
4830, 0.52
4831, 0.75
4832, 0.50
4833, 0.96
4834, 0.42
4835, 0.66
4836, 0.89
4837, 0.05
4838, 0.33
4839, 0.29
4840, 0.57
4841, 0.38
4842, 0.64
4843, 0.51
4844, 0.37
4845, 0.49
4846, 0.93
4847, 0.43
4848, 0.99
4849, 0.46
4850, 0.34
4851, 0.13
4852, 0.43
4853, 0.33
4854, 0.30
4855, 0.30
4856, 0.15
4857, 0.69
4858, 0.62
4859, 0.38
4860, 0.62
4861, 0.33
4862, 0.49
4863, 0.66
4864, 0.75
4865, 0.17
4866, 0.95
4867, 0.67
4868, 0.12
4869, 0.61
4870, 0.51
4871, 0.99
4872, 0.47
4873, 0.57
4874, 0.46
4875, 0.35
4876, 0.35
4877, 0.98
4878, 0.76
4879, 0.27
4880, 0.67
4881, 0.80
4882, 0.97
4883, 1.00
4884, 0.49
4885, 0.40
4886, 0.52
4887, 0.63
4888, 0.64
4889, 0.60
4890, 0.62
4891, 0.30
4892, 0.24
4893, 0.15
4894, 0.09
4895, 0.65
4896, 0.79
4897, 0.44
4898, 0.24
4899, 0.46
4900, 0.55
4901, 0.61
4902, 0.39
4903, 0.63
4904, 0.52
4905, 0.44
4906, 0.99
4907, 0.30
4908, 0.14
4909, 0.59
4910, 0.63
4911, 0.73
4912, 0.99
4913, 0.63
4914, 0.43
4915, 0.92
4916, 0.98
4917, 0.48
4918, 0.60
4919, 0.20
4920, 0.33
4921, 0.24
4922, 0.10
4923, 0.96
4924, 0.62
4925, 0.74
4926, 0.28
4927, 0.73
4928, 0.29
4929, 0.96
4930, 0.99
4931, 0.47
4932, 0.22
4933, 0.23
4934, 0.17
4935, 0.43
4936, 0.58
4937, 0.71
4938, 0.64
4939, 0.56
4940, 0.63
4941, 0.56
4942, 0.30
4943, 0.64
4944, 0.98
4945, 0.45
4946, 0.26
4947, 0.33
4948, 0.19
4949, 0.34
4950, 0.58
4951, 0.74
4952, 0.40
4953, 0.72
4954, 0.61
4955, 0.44
4956, 0.32
4957, 0.53
4958, 0.36
4959, 0.18
4960, 0.54
4961, 0.99
4962, 0.33
4963, 0.28
4964, 0.68
4965, 0.44
4966, 0.60
4967, 0.38
4968, 0.62
4969, 0.99
4970, 0.35
4971, 0.55
4972, 0.24
4973, 0.22
4974, 0.58
4975, 0.75
4976, 0.46
4977, 0.59
4978, 0.34
4979, 0.45
4980, 0.49
4981, 0.33
4982, 0.29
4983, 0.71
4984, 0.38
4985, 0.60
4986, 0.64
4987, 0.42
4988, 0.96
4989, 0.63
4990, 0.15
4991, 0.65
4992, 0.20
4993, 0.65
4994, 0.42
4995, 0.75
4996, 0.42
4997, 0.53
4998, 0.43
4999, 0.70
5000, 0.93
5001, 0.27
5002, 0.53
5003, 0.61
5004, 0.49
5005, 0.19
5006, 0.43
5007, 0.54
5008, 0.41
5009, 0.36
5010, 0.36
5011, 0.14
5012, 0.62
5013, 0.48
5014, 0.82
5015, 0.30
5016, 0.54
5017, 0.36
5018, 0.98
5019, 0.46
5020, 0.81
5021, 0.18
5022, 0.49
5023, 0.99
5024, 0.48
5025, 0.40
5026, 0.47
5027, 0.48
5028, 0.55
5029, 0.04
5030, 0.29
5031, 0.43
5032, 0.48
5033, 0.52
5034, 0.17
5035, 0.40
5036, 0.59
5037, 0.35
5038, 0.57
5039, 0.41
5040, 0.53
5041, 0.64
5042, 0.88
5043, 0.14
5044, 0.43
5045, 0.76
5046, 0.45
5047, 0.43
5048, 0.44
5049, 0.47
5050, 0.57
5051, 0.41
5052, 0.52
5053, 0.97
5054, 0.55
5055, 0.57
5056, 0.74
5057, 0.20
5058, 0.50
5059, 0.98
5060, 0.96
5061, 0.36
5062, 0.67
5063, 0.66
5064, 0.62
5065, 0.40
5066, 0.52
5067, 0.52
5068, 0.49
5069, 0.49
5070, 0.53
5071, 0.66
5072, 0.54
5073, 0.96
5074, 0.27
5075, 0.53
5076, 0.54
5077, 0.41
5078, 0.96
5079, 0.96
5080, 0.49
5081, 0.38
5082, 0.29
5083, 0.24
5084, 0.69
5085, 0.93
5086, 0.43
5087, 0.48
5088, 0.64
5089, 0.95
5090, 0.33
5091, 0.52
5092, 0.25
5093, 0.19
5094, 0.26
5095, 0.37
5096, 0.64
5097, 0.27
5098, 0.24
5099, 0.66
5100, 0.65
5101, 0.60
5102, 0.17
5103, 0.70
5104, 0.45
5105, 0.49
5106, 0.41
5107, 0.60
5108, 0.60
5109, 0.99
5110, 0.15
5111, 0.42
5112, 0.22
5113, 0.33
5114, 0.37
5115, 0.29
5116, 0.15
5117, 0.95
5118, 0.51
5119, 0.26
5120, 0.71
5121, 0.48
5122, 0.62
5123, 0.34
5124, 0.60
5125, 0.90
5126, 0.60
5127, 0.07
5128, 0.37
5129, 0.52
5130, 0.39
5131, 0.13
5132, 0.52
5133, 0.57
5134, 0.56
5135, 0.63
5136, 0.31
5137, 0.36
5138, 0.63
5139, 0.45
5140, 0.90
5141, 0.50
5142, 0.96
5143, 0.55
5144, 0.30
5145, 0.49
5146, 0.62
5147, 0.48
5148, 0.42
5149, 0.59
5150, 0.51
5151, 0.51
5152, 0.06
5153, 0.44
5154, 0.22
5155, 0.48
5156, 0.21
5157, 0.55
5158, 0.54
5159, 0.46
5160, 0.14
5161, 0.67
5162, 0.42
5163, 0.57
5164, 0.61
5165, 0.50
5166, 0.44
5167, 0.34
5168, 0.32
5169, 0.54
5170, 0.53
5171, 0.24
5172, 0.40
5173, 0.47
5174, 0.45
5175, 0.16
5176, 0.98
5177, 0.51
5178, 0.57
5179, 0.34
5180, 0.41
5181, 0.84
5182, 0.32
5183, 0.39
5184, 1.00
5185, 0.96
5186, 0.66
5187, 0.54
5188, 0.13
5189, 0.37
5190, 0.54
5191, 0.29
5192, 0.51
5193, 0.51
5194, 0.63
5195, 0.96
5196, 0.62
5197, 0.50
5198, 0.50
5199, 0.46
5200, 0.96
5201, 0.62
5202, 0.57
5203, 0.54
5204, 0.17
5205, 0.65
5206, 0.43
5207, 0.97
5208, 0.48
5209, 0.18
5210, 0.45
5211, 0.35
5212, 0.40
5213, 0.99
5214, 0.46
5215, 0.33
5216, 0.06
5217, 0.48
5218, 0.31
5219, 0.51
5220, 0.60
5221, 0.23
5222, 0.36
5223, 0.36
5224, 0.46
5225, 0.47
5226, 0.65
5227, 0.40
5228, 0.33
5229, 0.34
5230, 0.44
5231, 0.24
5232, 0.51
5233, 0.43
5234, 0.43
5235, 0.64
5236, 0.43
5237, 0.65
5238, 0.23
5239, 0.50
5240, 0.49
5241, 0.87
5242, 0.11
5243, 0.50
5244, 0.91
5245, 0.27
5246, 0.95
5247, 0.73
5248, 0.49
5249, 0.62
5250, 0.59
5251, 0.36
5252, 0.58
5253, 0.32
5254, 0.11
5255, 0.38
5256, 0.38
5257, 0.11
5258, 0.70
5259, 0.35
5260, 0.48
5261, 0.99
5262, 0.43
5263, 0.75
5264, 0.55
5265, 0.52
5266, 0.40
5267, 0.99
5268, 0.12
5269, 0.51
5270, 0.31
5271, 0.60
5272, 0.94
5273, 0.34
5274, 0.66
5275, 0.52
5276, 0.42
5277, 0.41
5278, 0.38
5279, 0.50
5280, 0.42
5281, 0.94
5282, 0.44
5283, 0.96
5284, 0.89
5285, 0.41
5286, 0.23
5287, 0.60
5288, 0.96
5289, 0.55
5290, 0.62
5291, 0.99
5292, 0.27
5293, 0.51
5294, 0.27
5295, 0.28
5296, 0.31
5297, 0.63
5298, 0.49
5299, 0.99
5300, 0.58
5301, 0.59
5302, 0.29
5303, 0.43
5304, 0.61
5305, 0.27
5306, 0.51
5307, 0.62
5308, 0.85
5309, 0.45
5310, 0.58
5311, 0.43
5312, 0.48
5313, 0.31
5314, 0.86
5315, 0.90
5316, 0.38
5317, 0.01
5318, 0.47
5319, 0.91
5320, 0.97
5321, 0.36
5322, 0.48
5323, 0.39
5324, 0.53
5325, 0.30
5326, 0.64
5327, 0.49
5328, 0.50
5329, 0.46
5330, 0.66
5331, 0.55
5332, 0.31
5333, 0.40
5334, 0.29
5335, 0.44
5336, 0.43
5337, 0.32
5338, 0.20
5339, 0.11
5340, 0.10
5341, 0.55
5342, 0.34
5343, 0.32
5344, 0.48
5345, 0.51
5346, 0.49
5347, 0.61
5348, 0.64
5349, 0.64
5350, 0.53
5351, 0.91
5352, 0.70
5353, 0.50
5354, 0.46
5355, 0.96
5356, 0.96
5357, 0.61
5358, 0.36
5359, 0.36
5360, 0.35
5361, 0.31
5362, 0.70
5363, 0.64
5364, 0.67
5365, 0.52
5366, 0.31
5367, 1.00
5368, 0.58
5369, 0.29
5370, 0.93
5371, 0.71
5372, 0.35
5373, 0.54
5374, 0.37
5375, 0.55
5376, 0.21
5377, 0.50
5378, 0.88
5379, 0.43
5380, 0.41
5381, 0.35
5382, 0.37
5383, 0.50
5384, 0.65
5385, 0.65
5386, 0.48
5387, 0.39
5388, 0.43
5389, 0.42
5390, 0.20
5391, 0.67
5392, 0.41
5393, 0.68
5394, 0.57
5395, 0.31
5396, 0.89
5397, 0.43
5398, 0.41
5399, 0.63
5400, 0.52
5401, 0.22
5402, 0.53
5403, 0.38
5404, 0.44
5405, 0.42
5406, 0.54
5407, 0.27
5408, 0.54
5409, 0.31
5410, 0.19
5411, 0.37
5412, 0.82
5413, 0.46
5414, 0.98
5415, 0.51
5416, 0.59
5417, 0.10
5418, 0.06
5419, 0.93
5420, 0.40
5421, 0.63
5422, 0.46
5423, 0.75
5424, 0.29
5425, 0.74
5426, 0.55
5427, 0.25
5428, 0.57
5429, 0.38
5430, 0.40
5431, 0.49
5432, 0.72
5433, 0.37
5434, 0.84
5435, 0.78
5436, 0.78
5437, 0.50
5438, 0.71
5439, 0.58
5440, 0.56
5441, 0.89
5442, 0.47
5443, 0.43
5444, 0.45
5445, 0.80
5446, 0.94
5447, 0.58
5448, 0.55
5449, 0.66
5450, 0.44
5451, 0.57
5452, 0.32
5453, 0.94
5454, 0.80
5455, 0.99
5456, 0.54
5457, 0.83
5458, 0.62
5459, 1.00
5460, 0.53
5461, 0.63
5462, 0.58
5463, 0.65
5464, 0.56
5465, 0.13
5466, 0.66
5467, 0.48
5468, 0.32
5469, 0.42
5470, 0.36
5471, 0.45
5472, 0.68
5473, 0.48
5474, 0.32
5475, 0.36
5476, 0.53
5477, 0.42
5478, 0.56
5479, 1.00
5480, 0.43
5481, 0.27
5482, 0.54
5483, 0.54
5484, 0.46
5485, 0.08
5486, 0.70
5487, 0.98
5488, 0.15
5489, 0.68
5490, 1.00
5491, 0.61
5492, 0.86
5493, 0.62
5494, 0.30
5495, 0.58
5496, 0.98
5497, 0.59
5498, 0.56
5499, 0.41
5500, 0.97
5501, 0.58
5502, 0.45
5503, 0.38
5504, 0.59
5505, 0.58
5506, 0.49
5507, 0.51
5508, 0.86
5509, 0.45
5510, 0.60
5511, 0.37
5512, 0.66
5513, 0.57
5514, 0.96
5515, 0.70
5516, 0.38
5517, 0.21
5518, 0.20
5519, 0.41
5520, 0.93
5521, 0.50
5522, 0.38
5523, 0.51
5524, 0.93
5525, 0.65
5526, 0.29
5527, 0.59
5528, 0.41
5529, 0.63
5530, 0.26
5531, 0.34
5532, 0.48
5533, 0.42
5534, 0.43
5535, 0.53
5536, 0.24
5537, 0.65
5538, 0.98
5539, 0.40
5540, 0.23
5541, 0.12
5542, 0.75
5543, 0.15
5544, 0.99
5545, 0.25
5546, 0.50
5547, 0.51
5548, 0.29
5549, 0.41
5550, 0.28
5551, 0.57
5552, 0.48
5553, 0.30
5554, 0.96
5555, 0.83
5556, 0.50
5557, 0.40
5558, 0.15
5559, 0.63
5560, 0.59
5561, 0.14
5562, 0.64
5563, 0.51
5564, 0.75
5565, 0.23
5566, 0.31
5567, 0.01
5568, 0.56
5569, 0.52
5570, 0.39
5571, 0.51
5572, 0.98
5573, 0.95
5574, 0.59
5575, 0.65
5576, 0.23
5577, 0.18
5578, 0.53
5579, 0.05
5580, 0.47
5581, 0.49
5582, 0.49
5583, 0.44
5584, 0.37
5585, 0.68
5586, 0.60
5587, 0.20
5588, 0.43
5589, 0.55
5590, 0.51
5591, 0.51
5592, 0.45
5593, 0.38
5594, 1.00
5595, 0.44
5596, 0.30
5597, 0.24
5598, 0.63
5599, 0.99
5600, 0.62
5601, 0.57
5602, 0.55
5603, 0.59
5604, 0.39
5605, 0.94
5606, 0.36
5607, 0.68
5608, 0.06
5609, 0.41
5610, 0.19
5611, 0.45
5612, 0.70
5613, 0.19
5614, 0.46
5615, 0.18
5616, 0.10
5617, 0.41
5618, 0.22
5619, 0.41
5620, 0.47
5621, 0.98
5622, 0.37
5623, 0.32
5624, 0.58
5625, 0.64
5626, 0.24
5627, 0.57
5628, 0.31
5629, 0.58
5630, 0.66
5631, 0.48
5632, 0.44
5633, 0.99
5634, 0.43
5635, 0.98
5636, 0.20
5637, 0.44
5638, 0.52
5639, 0.40
5640, 0.69
5641, 0.54
5642, 0.56
5643, 0.55
5644, 0.97
5645, 0.22
5646, 0.18
5647, 0.30
5648, 0.47
5649, 0.51
5650, 0.54
5651, 0.57
5652, 0.53
5653, 0.30
5654, 0.26
5655, 0.36
5656, 0.45
5657, 0.72
5658, 0.98
5659, 0.54
5660, 0.86
5661, 0.22
5662, 1.00
5663, 0.50
5664, 0.55
5665, 0.56
5666, 0.62
5667, 0.64
5668, 0.54
5669, 0.12
5670, 0.45
5671, 0.43
5672, 0.69
5673, 0.31
5674, 0.26
5675, 0.97
5676, 0.66
5677, 0.67
5678, 0.67
5679, 0.21
5680, 0.29
5681, 0.13
5682, 0.50
5683, 0.70
5684, 0.98
5685, 0.47
5686, 0.54
5687, 0.97
5688, 0.79
5689, 0.59
5690, 0.39
5691, 0.70
5692, 0.55
5693, 0.44
5694, 0.41
5695, 0.11
5696, 0.26
5697, 0.55
5698, 0.46
5699, 0.31
5700, 0.24
5701, 0.88
5702, 0.49
5703, 0.95
5704, 0.77
5705, 0.99
5706, 0.87
5707, 0.48
5708, 0.48
5709, 0.69
5710, 0.99
5711, 0.36
5712, 0.57
5713, 0.38
5714, 0.56
5715, 0.57
5716, 0.53
5717, 0.78
5718, 0.51
5719, 0.05
5720, 0.69
5721, 0.69
5722, 0.41
5723, 0.52
5724, 0.25
5725, 0.60
5726, 0.56
5727, 0.15
5728, 0.41
5729, 0.34
5730, 0.50
5731, 0.60
5732, 0.66
5733, 0.92
5734, 0.56
5735, 0.40
5736, 0.98
5737, 0.42
5738, 0.46
5739, 0.88
5740, 0.17
5741, 0.59
5742, 0.45
5743, 0.73
5744, 0.38
5745, 0.81
5746, 0.19
5747, 0.36
5748, 0.55
5749, 0.91
5750, 0.58
5751, 0.91
5752, 0.51
5753, 0.43
5754, 0.60
5755, 0.45
5756, 0.94
5757, 0.53
5758, 0.54
5759, 0.67
5760, 0.30
5761, 0.49
5762, 0.41
5763, 0.54
5764, 0.36
5765, 0.65
5766, 0.59
5767, 0.43
5768, 0.46
5769, 0.96
5770, 0.55
5771, 0.24
5772, 0.28
5773, 0.55
5774, 0.42
5775, 0.57
5776, 0.54
5777, 0.64
5778, 0.34
5779, 0.43
5780, 0.56
5781, 0.49
5782, 0.51
5783, 0.63
5784, 0.15
5785, 0.68
5786, 0.97
5787, 0.58
5788, 0.64
5789, 0.40
5790, 0.73
5791, 0.30
5792, 0.44
5793, 0.49
5794, 0.32
5795, 0.31
5796, 0.11
5797, 0.47
5798, 0.50
5799, 0.35
5800, 0.26
5801, 0.11
5802, 0.65
5803, 0.21
5804, 0.55
5805, 0.99
5806, 0.56
5807, 0.53
5808, 0.05
5809, 0.37
5810, 0.42
5811, 0.42
5812, 0.41
5813, 0.65
5814, 0.63
5815, 0.62
5816, 0.61
5817, 0.36
5818, 0.99
5819, 0.37
5820, 0.40
5821, 0.48
5822, 0.53
5823, 0.49
5824, 0.55
5825, 0.55
5826, 0.98
5827, 0.39
5828, 0.55
5829, 0.23
5830, 0.45
5831, 0.58
5832, 0.40
5833, 0.46
5834, 0.50
5835, 0.22
5836, 0.20
5837, 0.53
5838, 0.46
5839, 0.89
5840, 0.15
5841, 0.52
5842, 0.57
5843, 1.00
5844, 0.51
5845, 0.95
5846, 0.57
5847, 0.42
5848, 0.29
5849, 0.38
5850, 0.36
5851, 0.57
5852, 0.48
5853, 0.45
5854, 0.34
5855, 0.49
5856, 0.39
5857, 0.72
5858, 0.42
5859, 0.13
5860, 0.68
5861, 0.06
5862, 0.44
5863, 0.48
5864, 0.86
5865, 0.59
5866, 0.56
5867, 0.97
5868, 0.43
5869, 0.29
5870, 0.14
5871, 0.51
5872, 0.62
5873, 0.90
5874, 0.59
5875, 0.44
5876, 0.19
5877, 0.90
5878, 0.47
5879, 0.46
5880, 0.54
5881, 0.20
5882, 0.26
5883, 0.96
5884, 0.82
5885, 0.25
5886, 0.43
5887, 0.62
5888, 0.29
5889, 0.52
5890, 0.64
5891, 0.30
5892, 0.40
5893, 0.46
5894, 0.45
5895, 0.57
5896, 0.60
5897, 0.45
5898, 0.56
5899, 0.23
5900, 0.37
5901, 0.27
5902, 0.40
5903, 0.60
5904, 0.41
5905, 0.32
5906, 0.51
5907, 0.70
5908, 0.45
5909, 0.35
5910, 0.96
5911, 0.04
5912, 0.40
5913, 1.00
5914, 0.41
5915, 0.35
5916, 0.24
5917, 0.63
5918, 0.33
5919, 0.63
5920, 0.64
5921, 0.64
5922, 0.55
5923, 0.89
5924, 0.06
5925, 0.46
5926, 0.77
5927, 0.26
5928, 0.48
5929, 0.39
5930, 0.57
5931, 0.62
5932, 0.36
5933, 0.93
5934, 0.47
5935, 0.31
5936, 0.28
5937, 0.62
5938, 0.48
5939, 0.32
5940, 0.22
5941, 0.96
5942, 0.59
5943, 0.45
5944, 0.96
5945, 1.00
5946, 0.62
5947, 0.67
5948, 0.56
5949, 0.71
5950, 0.15
5951, 0.70
5952, 0.28
5953, 0.22
5954, 0.45
5955, 0.43
5956, 0.45
5957, 0.15
5958, 0.27
5959, 0.38
5960, 0.34
5961, 0.61
5962, 0.60
5963, 0.95
5964, 0.82
5965, 0.43
5966, 0.51
5967, 0.60
5968, 0.55
5969, 0.15
5970, 0.64
5971, 0.59
5972, 0.94
5973, 0.38
5974, 0.60
5975, 0.65
5976, 0.03
5977, 0.36
5978, 0.68
5979, 0.40
5980, 0.54
5981, 0.76
5982, 0.59
5983, 0.66
5984, 0.41
5985, 0.68
5986, 0.44
5987, 0.42
5988, 0.99
5989, 0.51
5990, 0.97
5991, 0.95
5992, 0.54
5993, 0.43
5994, 0.52
5995, 0.97
5996, 0.33
5997, 0.32
5998, 0.31
5999, 0.49
6000, 1.00
6001, 0.37
6002, 0.86
6003, 0.86
6004, 0.36
6005, 0.61
6006, 0.28
6007, 0.59
6008, 0.61
6009, 0.73
6010, 0.39
6011, 0.57
6012, 0.20
6013, 0.36
6014, 0.57
6015, 0.56
6016, 0.35
6017, 0.49
6018, 0.55
6019, 0.44
6020, 0.35
6021, 0.30
6022, 0.17
6023, 0.53
6024, 0.55
6025, 0.31
6026, 0.29
6027, 0.99
6028, 0.56
6029, 0.49
6030, 0.52
6031, 0.30
6032, 0.90
6033, 0.47
6034, 0.66
6035, 0.51
6036, 0.93
6037, 0.68
6038, 0.51
6039, 0.46
6040, 0.33
6041, 0.58
6042, 0.42
6043, 0.65
6044, 0.67
6045, 0.30
6046, 0.70
6047, 0.98
6048, 0.65
6049, 0.37
6050, 1.00
6051, 0.34
6052, 0.66
6053, 0.41
6054, 0.61
6055, 0.69
6056, 0.35
6057, 0.51
6058, 0.98
6059, 0.69
6060, 0.54
6061, 0.66
6062, 0.39
6063, 0.28
6064, 0.73
6065, 0.51
6066, 0.36
6067, 0.53
6068, 0.66
6069, 0.40
6070, 0.46
6071, 0.87
6072, 0.41
6073, 0.83
6074, 0.26
6075, 0.30
6076, 0.36
6077, 0.50
6078, 0.54
6079, 0.10
6080, 0.29
6081, 0.54
6082, 0.28
6083, 0.72
6084, 0.47
6085, 0.50
6086, 0.21
6087, 0.45
6088, 0.60
6089, 0.59
6090, 0.27
6091, 0.29
6092, 0.23
6093, 0.61
6094, 0.58
6095, 0.32
6096, 0.66
6097, 0.54
6098, 0.47
6099, 0.60
6100, 0.57
6101, 0.23
6102, 0.46
6103, 0.99
6104, 0.33
6105, 0.30
6106, 0.48
6107, 0.53
6108, 0.25
6109, 0.61
6110, 0.39
6111, 0.53
6112, 0.13
6113, 0.59
6114, 0.41
6115, 0.20
6116, 0.37
6117, 0.57
6118, 0.49
6119, 0.50
6120, 0.60
6121, 0.86
6122, 0.26
6123, 0.14
6124, 0.45
6125, 0.62
6126, 0.58
6127, 0.51
6128, 0.40
6129, 0.22
6130, 0.30
6131, 0.97
6132, 0.71
6133, 0.65
6134, 0.35
6135, 0.53
6136, 0.54
6137, 0.49
6138, 0.43
6139, 0.90
6140, 0.71
6141, 0.59
6142, 0.91
6143, 0.20
6144, 0.40
6145, 0.44
6146, 0.78
6147, 0.29
6148, 0.44
6149, 0.18
6150, 0.41
6151, 0.53
6152, 0.56
6153, 0.50
6154, 0.99
6155, 0.38
6156, 0.06
6157, 0.46
6158, 0.39
6159, 0.20
6160, 0.40
6161, 0.14
6162, 0.66
6163, 0.48
6164, 0.42
6165, 0.64
6166, 0.72
6167, 0.34
6168, 0.40
6169, 0.47
6170, 0.56
6171, 0.98
6172, 0.46
6173, 0.47
6174, 0.39
6175, 0.51
6176, 0.46
6177, 0.78
6178, 0.24
6179, 0.63
6180, 0.72
6181, 0.17
6182, 0.91
6183, 0.70
6184, 0.44
6185, 0.67
6186, 0.66
6187, 0.61
6188, 0.26
6189, 0.93
6190, 0.59
6191, 0.70
6192, 0.67
6193, 0.95
6194, 0.30
6195, 0.54
6196, 0.41
6197, 0.88
6198, 0.58
6199, 0.67
6200, 0.37
6201, 0.59
6202, 0.31
6203, 0.18
6204, 0.98
6205, 0.41
6206, 0.90
6207, 0.53
6208, 0.43
6209, 0.21
6210, 0.38
6211, 0.49
6212, 0.27
6213, 0.30
6214, 0.35
6215, 0.37
6216, 0.41
6217, 0.45
6218, 0.17
6219, 0.97
6220, 0.48
6221, 0.35
6222, 0.58
6223, 0.96
6224, 0.19
6225, 0.48
6226, 0.68
6227, 0.53
6228, 0.45
6229, 0.93
6230, 1.00
6231, 0.37
6232, 0.32
6233, 0.74
6234, 0.78
6235, 0.41
6236, 0.67
6237, 0.52
6238, 0.49
6239, 0.35
6240, 0.46
6241, 0.70
6242, 0.44
6243, 0.57
6244, 0.43
6245, 0.20
6246, 0.57
6247, 0.46
6248, 0.64
6249, 0.31
6250, 1.00
6251, 0.36
6252, 0.35
6253, 0.54
6254, 0.29
6255, 0.62
6256, 0.30
6257, 0.59
6258, 0.53
6259, 0.55
6260, 0.72
6261, 0.41
6262, 0.53
6263, 0.53
6264, 0.47
6265, 0.16
6266, 0.85
6267, 0.57
6268, 0.90
6269, 0.38
6270, 0.45
6271, 0.47
6272, 0.46
6273, 0.32
6274, 0.45
6275, 0.51
6276, 0.66
6277, 0.49
6278, 0.41
6279, 0.55
6280, 0.98
6281, 0.55
6282, 0.18
6283, 0.21
6284, 0.57
6285, 0.53
6286, 0.72
6287, 0.54
6288, 0.49
6289, 0.45
6290, 0.75
6291, 0.58
6292, 0.28
6293, 0.72
6294, 0.36
6295, 0.65
6296, 0.97
6297, 0.51
6298, 0.43
6299, 0.91
6300, 0.57
6301, 0.46
6302, 0.50
6303, 0.13
6304, 0.99
6305, 0.36
6306, 0.61
6307, 0.65
6308, 0.48
6309, 0.28
6310, 0.54
6311, 0.31
6312, 0.08
6313, 0.43
6314, 0.36
6315, 0.58
6316, 0.90
6317, 0.51
6318, 0.66
6319, 0.38
6320, 0.82
6321, 0.67
6322, 0.50
6323, 0.45
6324, 0.88
6325, 0.58
6326, 0.30
6327, 0.51
6328, 0.11
6329, 0.48
6330, 0.62
6331, 0.41
6332, 0.57
6333, 0.42
6334, 0.57
6335, 0.67
6336, 0.64
6337, 0.13
6338, 0.32
6339, 0.55
6340, 0.08
6341, 0.44
6342, 0.43
6343, 0.37
6344, 0.93
6345, 0.28
6346, 0.92
6347, 0.62
6348, 0.94
6349, 0.53
6350, 0.31
6351, 0.41
6352, 0.95
6353, 0.59
6354, 0.30
6355, 0.49
6356, 0.43
6357, 0.94
6358, 0.27
6359, 0.38
6360, 0.95
6361, 0.43
6362, 0.67
6363, 0.90
6364, 0.56
6365, 0.46
6366, 0.04
6367, 0.62
6368, 0.26
6369, 0.99
6370, 0.51
6371, 0.42
6372, 0.40
6373, 0.89
6374, 0.44
6375, 0.26
6376, 1.00
6377, 0.51
6378, 0.82
6379, 0.37
6380, 0.29
6381, 0.41
6382, 0.55
6383, 0.53
6384, 0.38
6385, 0.67
6386, 0.55
6387, 0.35
6388, 0.52
6389, 0.56
6390, 0.51
6391, 0.48
6392, 0.39
6393, 0.58
6394, 0.35
6395, 0.32
6396, 0.98
6397, 0.09
6398, 0.46
6399, 0.28
6400, 0.43
6401, 0.63
6402, 0.16
6403, 0.55
6404, 0.95
6405, 0.47
6406, 0.48
6407, 0.62
6408, 0.55
6409, 0.38
6410, 0.36
6411, 0.16
6412, 0.48
6413, 0.33
6414, 0.51
6415, 0.46
6416, 0.37
6417, 0.14
6418, 0.20
6419, 0.59
6420, 0.72
6421, 0.48
6422, 0.14
6423, 0.29
6424, 0.37
6425, 0.45
6426, 0.92
6427, 0.48
6428, 0.44
6429, 0.45
6430, 0.85
6431, 0.54
6432, 0.76
6433, 0.31
6434, 0.35
6435, 0.30
6436, 0.07
6437, 0.66
6438, 0.47
6439, 0.50
6440, 0.44
6441, 0.56
6442, 0.41
6443, 0.50
6444, 0.14
6445, 0.10
6446, 0.36
6447, 0.41
6448, 0.91
6449, 0.78
6450, 0.47
6451, 0.53
6452, 0.57
6453, 0.70
6454, 0.73
6455, 0.29
6456, 0.92
6457, 0.55
6458, 0.49
6459, 0.57
6460, 0.43
6461, 0.26
6462, 0.35
6463, 0.39
6464, 0.48
6465, 0.29
6466, 0.42
6467, 0.46
6468, 0.97
6469, 0.51
6470, 0.28
6471, 0.44
6472, 0.44
6473, 0.39
6474, 0.59
6475, 0.35
6476, 0.98
6477, 0.39
6478, 0.20
6479, 0.33
6480, 0.42
6481, 0.30
6482, 0.26
6483, 0.40
6484, 0.35
6485, 0.51
6486, 0.19
6487, 0.64
6488, 0.84
6489, 0.34
6490, 0.19
6491, 0.63
6492, 0.24
6493, 0.56
6494, 0.50
6495, 0.40
6496, 0.26
6497, 0.32
6498, 0.09
6499, 0.57
6500, 0.43
6501, 0.65
6502, 0.46
6503, 0.46
6504, 0.22
6505, 0.54
6506, 0.50
6507, 0.42
6508, 0.54
6509, 0.58
6510, 0.62
6511, 0.87
6512, 0.97
6513, 0.44
6514, 0.58
6515, 0.61
6516, 0.39
6517, 0.39
6518, 0.53
6519, 0.15
6520, 0.22
6521, 0.43
6522, 0.49
6523, 0.33
6524, 0.36
6525, 0.45
6526, 0.53
6527, 0.69
6528, 0.98
6529, 0.38
6530, 0.90
6531, 0.61
6532, 0.21
6533, 0.44
6534, 0.66
6535, 0.08
6536, 1.00
6537, 0.47
6538, 0.50
6539, 0.60
6540, 0.72
6541, 0.59
6542, 0.40
6543, 0.98
6544, 0.66
6545, 0.28
6546, 0.36
6547, 0.41
6548, 0.57
6549, 0.71
6550, 0.51
6551, 0.64
6552, 0.23
6553, 0.56
6554, 0.41
6555, 0.65
6556, 0.63
6557, 0.46
6558, 0.53
6559, 0.43
6560, 0.30
6561, 0.73
6562, 0.65
6563, 0.50
6564, 0.33
6565, 0.62
6566, 0.21
6567, 0.97
6568, 0.65
6569, 0.03
6570, 0.48
6571, 0.55
6572, 0.48
6573, 0.52
6574, 0.98
6575, 0.63
6576, 0.15
6577, 0.41
6578, 0.30
6579, 0.36
6580, 0.44
6581, 0.40
6582, 0.43
6583, 0.82
6584, 0.53
6585, 0.58
6586, 0.73
6587, 0.17
6588, 0.48
6589, 0.22
6590, 0.55
6591, 0.23
6592, 0.99
6593, 0.34
6594, 0.42
6595, 0.53
6596, 0.47
6597, 0.59
6598, 0.41
6599, 0.13
6600, 0.59
6601, 0.49
6602, 0.45
6603, 0.27
6604, 0.35
6605, 0.22
6606, 0.44
6607, 0.44
6608, 0.49
6609, 0.61
6610, 0.32
6611, 0.20
6612, 0.38
6613, 0.47
6614, 0.54
6615, 0.65
6616, 0.16
6617, 0.91
6618, 0.21
6619, 0.78
6620, 0.38
6621, 0.30
6622, 0.29
6623, 0.35
6624, 0.40
6625, 0.38
6626, 0.75
6627, 0.67
6628, 0.59
6629, 0.70
6630, 0.98
6631, 0.53
6632, 0.46
6633, 0.30
6634, 0.57
6635, 0.72
6636, 0.22
6637, 0.97
6638, 0.53
6639, 0.99
6640, 0.49
6641, 0.95
6642, 0.38
6643, 0.14
6644, 0.25
6645, 0.65
6646, 0.30
6647, 0.29
6648, 0.25
6649, 0.23
6650, 0.31
6651, 0.68
6652, 0.46
6653, 0.40
6654, 0.46
6655, 0.40
6656, 0.41
6657, 0.61
6658, 0.42
6659, 0.20
6660, 0.99
6661, 0.52
6662, 0.41
6663, 0.61
6664, 0.36
6665, 0.61
6666, 0.52
6667, 0.55
6668, 0.64
6669, 0.39
6670, 0.81
6671, 0.99
6672, 0.34
6673, 0.33
6674, 0.65
6675, 0.46
6676, 0.74
6677, 0.54
6678, 0.64
6679, 0.78
6680, 0.45
6681, 0.59
6682, 0.21
6683, 0.32
6684, 0.64
6685, 0.72
6686, 0.41
6687, 0.48
6688, 0.74
6689, 0.98
6690, 0.28
6691, 0.42
6692, 0.88
6693, 0.58
6694, 0.51
6695, 0.12
6696, 0.95
6697, 0.44
6698, 0.53
6699, 0.35
6700, 0.30
6701, 0.51
6702, 0.13
6703, 0.31
6704, 0.68
6705, 0.40
6706, 0.31
6707, 0.34
6708, 0.48
6709, 0.53
6710, 0.15
6711, 0.63
6712, 0.45
6713, 0.34
6714, 0.22
6715, 0.49
6716, 0.70
6717, 0.34
6718, 0.45
6719, 0.55
6720, 0.53
6721, 0.34
6722, 0.59
6723, 0.93
6724, 0.33
6725, 0.20
6726, 0.41
6727, 0.57
6728, 0.45
6729, 0.99
6730, 0.42
6731, 0.41
6732, 0.96
6733, 0.43
6734, 0.62
6735, 0.73
6736, 0.52
6737, 0.79
6738, 0.56
6739, 0.36
6740, 0.69
6741, 0.42
6742, 0.47
6743, 0.30
6744, 0.98
6745, 0.78
6746, 0.22
6747, 0.29
6748, 0.72
6749, 0.95
6750, 0.36
6751, 0.14
6752, 0.38
6753, 0.34
6754, 0.55
6755, 0.27
6756, 0.27
6757, 0.77
6758, 0.62
6759, 0.39
6760, 0.58
6761, 0.18
6762, 0.26
6763, 0.38
6764, 0.29
6765, 0.07
6766, 0.53
6767, 0.62
6768, 0.55
6769, 0.20
6770, 0.89
6771, 0.59
6772, 0.45
6773, 0.23
6774, 0.51
6775, 0.66
6776, 0.65
6777, 0.31
6778, 0.37
6779, 0.49
6780, 0.59
6781, 0.96
6782, 0.39
6783, 0.66
6784, 0.83
6785, 0.34
6786, 0.29
6787, 0.55
6788, 0.42
6789, 0.98
6790, 0.46
6791, 0.20
6792, 0.96
6793, 0.22
6794, 0.52
6795, 0.52
6796, 0.99
6797, 0.49
6798, 0.99
6799, 0.14
6800, 0.86
6801, 0.89
6802, 0.76
6803, 0.58
6804, 0.06
6805, 0.81
6806, 0.50
6807, 0.49
6808, 0.35
6809, 0.29
6810, 0.12
6811, 0.67
6812, 0.50
6813, 0.42
6814, 0.37
6815, 0.44
6816, 0.59
6817, 0.59
6818, 0.48
6819, 0.46
6820, 0.28
6821, 0.90
6822, 0.39
6823, 0.44
6824, 0.34
6825, 0.74
6826, 0.61
6827, 0.22
6828, 0.31
6829, 0.55
6830, 0.35
6831, 0.98
6832, 0.32
6833, 0.90
6834, 0.64
6835, 0.40
6836, 0.40
6837, 0.10
6838, 0.53
6839, 0.40
6840, 0.53
6841, 0.46
6842, 0.53
6843, 0.46
6844, 0.47
6845, 0.42
6846, 0.46
6847, 0.98
6848, 0.45
6849, 0.60
6850, 0.52
6851, 0.30
6852, 0.37
6853, 0.54
6854, 0.49
6855, 0.31
6856, 0.44
6857, 0.46
6858, 0.64
6859, 0.51
6860, 0.53
6861, 0.99
6862, 0.96
6863, 0.28
6864, 0.64
6865, 0.05
6866, 0.49
6867, 0.77
6868, 0.52
6869, 0.76
6870, 0.50
6871, 0.41
6872, 0.38
6873, 0.93
6874, 0.55
6875, 0.52
6876, 0.34
6877, 0.30
6878, 0.19
6879, 0.56
6880, 0.59
6881, 0.73
6882, 0.41
6883, 0.65
6884, 0.79
6885, 0.46
6886, 0.28
6887, 0.67
6888, 0.46
6889, 0.32
6890, 0.96
6891, 0.45
6892, 0.95
6893, 0.37
6894, 0.97
6895, 0.93
6896, 0.30
6897, 0.89
6898, 0.67
6899, 0.60
6900, 0.98
6901, 0.69
6902, 0.41
6903, 0.22
6904, 0.62
6905, 0.52
6906, 0.25
6907, 0.27
6908, 0.26
6909, 0.36
6910, 0.39
6911, 0.80
6912, 0.64
6913, 0.33
6914, 0.49
6915, 0.44
6916, 0.54
6917, 0.63
6918, 0.31
6919, 0.54
6920, 0.59
6921, 0.38
6922, 0.51
6923, 0.20
6924, 0.46
6925, 0.27
6926, 0.64
6927, 0.35
6928, 0.77
6929, 0.63
6930, 0.43
6931, 0.81
6932, 0.98
6933, 0.72
6934, 0.51
6935, 0.63
6936, 0.99
6937, 0.67
6938, 0.52
6939, 0.25
6940, 0.99
6941, 0.70
6942, 0.57
6943, 0.57
6944, 0.40
6945, 0.31
6946, 0.40
6947, 0.67
6948, 0.29
6949, 1.00
6950, 0.55
6951, 0.79
6952, 0.55
6953, 0.28
6954, 0.58
6955, 0.40
6956, 0.16
6957, 0.32
6958, 0.42
6959, 0.71
6960, 0.34
6961, 0.83
6962, 0.13
6963, 0.70
6964, 0.65
6965, 0.83
6966, 0.19
6967, 0.40
6968, 0.49
6969, 0.43
6970, 0.45
6971, 0.29
6972, 0.33
6973, 0.56
6974, 0.65
6975, 0.30
6976, 0.56
6977, 0.21
6978, 0.44
6979, 0.44
6980, 0.48
6981, 0.15
6982, 0.55
6983, 0.78
6984, 0.48
6985, 0.05
6986, 0.50
6987, 0.67
6988, 0.34
6989, 0.64
6990, 0.61
6991, 0.46
6992, 0.30
6993, 0.52
6994, 0.76
6995, 0.98
6996, 0.55
6997, 0.98
6998, 0.51
6999, 0.45
7000, 0.46
7001, 0.60
7002, 0.53
7003, 0.46
7004, 0.95
7005, 0.67
7006, 0.42
7007, 0.62
7008, 0.62
7009, 0.81
7010, 0.55
7011, 0.13
7012, 0.25
7013, 0.96
7014, 0.62
7015, 0.59
7016, 0.41
7017, 0.34
7018, 0.05
7019, 0.65
7020, 0.55
7021, 0.45
7022, 0.24
7023, 0.74
7024, 0.55
7025, 0.39
7026, 0.54
7027, 0.16
7028, 0.59
7029, 0.52
7030, 0.34
7031, 0.25
7032, 0.70
7033, 0.29
7034, 1.00
7035, 0.89
7036, 0.56
7037, 0.18
7038, 0.33
7039, 0.63
7040, 0.42
7041, 0.64
7042, 0.64
7043, 0.23
7044, 0.30
7045, 0.71
7046, 0.59
7047, 0.26
7048, 0.65
7049, 0.60
7050, 0.54
7051, 0.50
7052, 0.39
7053, 0.48
7054, 0.47
7055, 0.46
7056, 0.43
7057, 0.46
7058, 0.64
7059, 0.36
7060, 0.28
7061, 0.39
7062, 0.61
7063, 0.58
7064, 0.33
7065, 0.99
7066, 0.59
7067, 0.43
7068, 0.20
7069, 0.28
7070, 0.69
7071, 0.52
7072, 0.98
7073, 0.19
7074, 0.50
7075, 0.07
7076, 0.55
7077, 0.08
7078, 0.29
7079, 0.96
7080, 0.91
7081, 0.64
7082, 0.07
7083, 0.39
7084, 0.44
7085, 0.44
7086, 0.33
7087, 1.00
7088, 0.36
7089, 0.41
7090, 0.48
7091, 0.62
7092, 0.57
7093, 0.56
7094, 0.08
7095, 0.43
7096, 0.74
7097, 0.39
7098, 0.75
7099, 0.17
7100, 0.41
7101, 0.36
7102, 0.36
7103, 0.44
7104, 0.15
7105, 0.66
7106, 0.83
7107, 0.64
7108, 0.41
7109, 0.50
7110, 0.23
7111, 0.57
7112, 0.33
7113, 0.68
7114, 0.60
7115, 0.43
7116, 0.52
7117, 0.30
7118, 0.73
7119, 0.77
7120, 0.47
7121, 0.24
7122, 0.35
7123, 0.93
7124, 0.54
7125, 0.17
7126, 0.22
7127, 0.70
7128, 0.48
7129, 0.43
7130, 0.93
7131, 0.73
7132, 0.24
7133, 0.02
7134, 0.53
7135, 0.50
7136, 0.66
7137, 0.42
7138, 0.58
7139, 0.74
7140, 0.12
7141, 0.55
7142, 0.29
7143, 0.46
7144, 0.29
7145, 0.87
7146, 0.24
7147, 0.35
7148, 0.49
7149, 0.97
7150, 0.58
7151, 0.43
7152, 0.49
7153, 0.38
7154, 0.42
7155, 0.82
7156, 0.34
7157, 0.49
7158, 0.46
7159, 0.33
7160, 0.34
7161, 0.06
7162, 0.22
7163, 0.29
7164, 0.72
7165, 0.54
7166, 0.87
7167, 0.45
7168, 0.32
7169, 0.48
7170, 0.51
7171, 0.18
7172, 0.38
7173, 0.37
7174, 0.57
7175, 0.57
7176, 0.60
7177, 0.65
7178, 0.39
7179, 0.98
7180, 0.88
7181, 0.98
7182, 0.19
7183, 0.97
7184, 0.89
7185, 0.64
7186, 0.54
7187, 0.60
7188, 0.40
7189, 0.30
7190, 0.58
7191, 0.23
7192, 0.93
7193, 0.43
7194, 0.77
7195, 0.42
7196, 0.41
7197, 0.17
7198, 0.51
7199, 0.22
7200, 0.98
7201, 0.66
7202, 0.55
7203, 0.58
7204, 0.31
7205, 0.66
7206, 0.27
7207, 0.34
7208, 0.75
7209, 0.46
7210, 0.36
7211, 0.36
7212, 0.31
7213, 0.44
7214, 0.42
7215, 0.17
7216, 0.91
7217, 0.98
7218, 0.45
7219, 0.37
7220, 0.30
7221, 0.54
7222, 0.87
7223, 0.35
7224, 0.55
7225, 0.98
7226, 0.56
7227, 0.10
7228, 0.30
7229, 0.24
7230, 0.40
7231, 0.31
7232, 0.41
7233, 0.45
7234, 0.54
7235, 0.15
7236, 0.57
7237, 0.64
7238, 0.29
7239, 0.24
7240, 0.20
7241, 0.47
7242, 0.37
7243, 0.30
7244, 0.55
7245, 0.66
7246, 0.44
7247, 0.18
7248, 0.35
7249, 0.47
7250, 0.37
7251, 0.51
7252, 0.79
7253, 0.35
7254, 0.30
7255, 0.87
7256, 0.35
7257, 0.71
7258, 0.90
7259, 0.42
7260, 0.27
7261, 0.18
7262, 0.71
7263, 0.57
7264, 0.34
7265, 0.55
7266, 0.20
7267, 0.96
7268, 0.41
7269, 0.98
7270, 0.30
7271, 0.52
7272, 0.48
7273, 0.36
7274, 0.89
7275, 0.97
7276, 0.70
7277, 0.43
7278, 0.59
7279, 0.32
7280, 0.72
7281, 0.46
7282, 0.42
7283, 0.55
7284, 0.56
7285, 0.63
7286, 0.46
7287, 0.45
7288, 0.57
7289, 0.65
7290, 0.47
7291, 0.71
7292, 0.29
7293, 0.51
7294, 0.29
7295, 0.27
7296, 0.89
7297, 0.67
7298, 0.92
7299, 0.62
7300, 0.33
7301, 0.48
7302, 0.63
7303, 0.46
7304, 0.16
7305, 0.86
7306, 0.53
7307, 0.66
7308, 0.41
7309, 0.24
7310, 0.60
7311, 0.35
7312, 0.33
7313, 0.62
7314, 0.49
7315, 0.30
7316, 0.32
7317, 0.44
7318, 0.33
7319, 0.52
7320, 0.33
7321, 0.62
7322, 0.93
7323, 0.23
7324, 0.99
7325, 0.47
7326, 0.46
7327, 0.53
7328, 0.55
7329, 0.82
7330, 0.41
7331, 0.53
7332, 0.41
7333, 0.72
7334, 0.62
7335, 0.56
7336, 0.52
7337, 0.34
7338, 0.54
7339, 0.62
7340, 0.51
7341, 0.40
7342, 0.93
7343, 0.60
7344, 0.47
7345, 0.24
7346, 0.49
7347, 0.99
7348, 0.27
7349, 0.95
7350, 0.14
7351, 0.62
7352, 0.36
7353, 0.35
7354, 0.98
7355, 0.96
7356, 0.62
7357, 0.38
7358, 0.27
7359, 0.62
7360, 0.57
7361, 0.55
7362, 0.99
7363, 0.28
7364, 0.34
7365, 0.46
7366, 0.67
7367, 1.00
7368, 0.55
7369, 0.36
7370, 0.39
7371, 0.61
7372, 0.36
7373, 0.97
7374, 0.50
7375, 0.36
7376, 0.98
7377, 0.30
7378, 0.53
7379, 0.41
7380, 0.74
7381, 0.61
7382, 0.34
7383, 0.66
7384, 0.80
7385, 0.27
7386, 0.57
7387, 0.61
7388, 0.46
7389, 0.85
7390, 0.61
7391, 0.48
7392, 0.46
7393, 0.42
7394, 0.89
7395, 0.67
7396, 0.50
7397, 0.56
7398, 0.35
7399, 0.50
7400, 0.57
7401, 0.98
7402, 0.41
7403, 0.28
7404, 0.51
7405, 0.48
7406, 0.35
7407, 0.38
7408, 0.56
7409, 0.44
7410, 0.37
7411, 0.26
7412, 0.20
7413, 0.11
7414, 0.91
7415, 0.31
7416, 0.06
7417, 0.97
7418, 0.24
7419, 0.43
7420, 0.97
7421, 0.51
